1979    1  -0.22328E+01
 1979    2  -0.69671E+00
 1979    3  -0.81414E+00
 1979    4  -0.11568E+01
 1979    5  -0.25009E+00
 1979    6   0.93316E+00
 1979    7   0.38511E-01
 1979    8  -0.68413E+00
 1979    9  -0.45949E-01
 1979   10  -0.12434E+01
 1979   11   0.47508E+00
 1979   12   0.12948E+01
 1980    1  -0.20657E+01
 1980    2  -0.93372E+00
 1980    3  -0.14333E+01
 1980    4  -0.41913E+00
 1980    5  -0.11548E+01
 1980    6   0.72149E+00
 1980    7  -0.62221E+00
 1980    8  -0.18519E+00
 1980    9   0.31262E+00
 1980   10  -0.52121E+00
 1980   11  -0.13610E+01
 1980   12  -0.57300E-01
 1981    1  -0.11634E+00
 1981    2  -0.33158E+00
 1981    3  -0.16447E+01
 1981    4   0.43041E+00
 1981    5   0.17956E+00
 1981    6  -0.43793E+00
 1981    7   0.56055E+00
 1981    8  -0.24411E+00
 1981    9  -0.10401E+01
 1981   10  -0.11675E+01
 1981   11  -0.18767E+00
 1981   12  -0.12157E+01
 1982    1  -0.88341E+00
 1982    2   0.97391E+00
 1982    3   0.10741E+01
 1982    4   0.14538E+01
 1982    5  -0.20870E+00
 1982    6  -0.11801E+01
 1982    7   0.47753E-02
 1982    8   0.36223E+00
 1982    9   0.55772E+00
 1982   10  -0.21098E+00
 1982   11   0.66093E+00
 1982   12   0.96718E+00
 1983    1   0.13591E+01
 1983    2  -0.18059E+01
 1983    3  -0.56707E+00
 1983    4  -0.73776E+00
 1983    5  -0.44093E+00
 1983    6   0.31253E+00
 1983    7   0.13055E+00
 1983    8   0.10978E+01
 1983    9   0.16689E+00
 1983   10   0.13689E+01
 1983   11  -0.68793E+00
 1983   12   0.18625E+00
 1984    1   0.90504E+00
 1984    2  -0.30272E+00
 1984    3  -0.23860E+01
 1984    4  -0.28359E+00
 1984    5   0.47918E+00
 1984    6   0.72895E-02
 1984    7   0.18871E-01
 1984    8   0.46569E+00
 1984    9  -0.41276E+00
 1984   10  -0.27026E+00
 1984   11  -0.96587E+00
 1984   12   0.44600E+00
 1985    1  -0.28057E+01
 1985    2  -0.14398E+01
 1985    3   0.55144E+00
 1985    4   0.65242E+00
 1985    5  -0.43221E+00
 1985    6  -0.34656E+00
 1985    7  -0.38958E+00
 1985    8  -0.14289E-02
 1985    9   0.11441E+00
 1985   10   0.10351E+01
 1985   11  -0.12175E+01
 1985   12  -0.19476E+01
 1986    1  -0.56764E+00
 1986    2  -0.29041E+01
 1986    3   0.19308E+01
 1986    4   0.10299E+00
 1986    5   0.36687E+00
 1986    6   0.53457E+00
 1986    7  -0.82585E-02
 1986    8  -0.82629E+00
 1986    9  -0.23385E-01
 1986   10   0.14246E+01
 1986   11   0.92572E+00
 1986   12   0.59768E-01
 1987    1  -0.11476E+01
 1987    2  -0.14732E+01
 1987    3  -0.17465E+01
 1987    4   0.38697E+00
 1987    5   0.32524E+00
 1987    6  -0.71027E+00
 1987    7  -0.46627E+00
 1987    8  -0.83570E+00
 1987    9   0.28653E+00
 1987   10  -0.80009E-01
 1987   11  -0.53584E+00
 1987   12  -0.53391E+00
 1988    1   0.26466E+00
 1988    2  -0.10662E+01
 1988    3  -0.19707E+00
 1988    4  -0.56071E+00
 1988    5  -0.84614E+00
 1988    6   0.60528E-01
 1988    7  -0.14337E+00
 1988    8   0.25457E+00
 1988    9   0.10393E+01
 1988   10   0.32359E-01
 1988   11  -0.34655E-01
 1988   12   0.16788E+01
 1989    1   0.31060E+01
 1989    2   0.32793E+01
 1989    3   0.15303E+01
 1989    4  -0.25024E+00
 1989    5   0.88883E+00
 1989    6   0.34498E+00
 1989    7   0.86555E+00
 1989    8   0.55090E+00
 1989    9   0.70313E+00
 1989   10   0.99069E+00
 1989   11   0.33782E-01
 1989   12  -0.64365E+00
 1990    1   0.10007E+01
 1990    2   0.34016E+01
 1990    3   0.29900E+01
 1990    4   0.18788E+01
 1990    5   0.94282E+00
 1990    6   0.30430E+00
 1990    7  -0.29581E+00
 1990    8  -0.18024E+00
 1990    9  -0.21040E+00
 1990   10   0.66034E+00
 1990   11   0.52064E+00
 1990   12   0.12767E+01
 1991    1   0.72323E+00
 1991    2  -0.87599E+00
 1991    3  -0.52680E+00
 1991    4   0.53021E+00
 1991    5   0.48649E+00
 1991    6  -0.11536E+00
 1991    7  -0.18797E+00
 1991    8   0.79688E+00
 1991    9  -0.11221E+00
 1991   10  -0.25195E+00
 1991   11   0.28465E+00
 1991   12   0.16132E+01
 1992    1   0.55003E+00
 1992    2   0.11217E+01
 1992    3   0.98423E+00
 1992    4  -0.52053E+00
 1992    5   0.13414E+01
 1992    6  -0.30196E+00
 1992    7   0.19113E+00
 1992    8   0.53534E+00
 1992    9  -0.64030E+00
 1992   10  -0.36589E+00
 1992   11   0.71699E+00
 1992   12   0.16267E+01
 1993    1   0.34953E+01
 1993    2   0.18450E+00
 1993    3   0.76435E+00
 1993    4  -0.43545E+00
 1993    5  -0.16075E+01
 1993    6  -0.51951E+00
 1993    7  -0.51070E+00
 1993    8  -0.39299E+00
 1993    9  -0.36063E+00
 1993   10  -0.56501E+00
 1993   11   0.10018E+01
 1993   12  -0.10412E+00
 1994    1  -0.28785E+00
 1994    2  -0.86154E+00
 1994    3   0.18810E+01
 1994    4   0.22474E+00
 1994    5  -0.11545E+00
 1994    6   0.16063E+01
 1994    7   0.35074E+00
 1994    8   0.82753E+00
 1994    9  -0.84055E-01
 1994   10   0.17403E+00
 1994   11   0.17794E+01
 1994   12   0.89383E+00
 1995    1  -0.15377E+00
 1995    2   0.14289E+01
 1995    3   0.39323E+00
 1995    4  -0.96313E+00
 1995    5  -0.89120E+00
 1995    6  -0.11182E+00
 1995    7  -0.21708E+00
 1995    8   0.54359E+00
 1995    9  -0.54903E+00
 1995   10   0.75041E-01
 1995   11  -0.72327E+00
 1995   12  -0.21271E+01
 1996    1  -0.12004E+01
 1996    2   0.16321E+00
 1996    3  -0.14832E+01
 1996    4  -0.15251E+01
 1996    5  -0.22642E+00
 1996    6   0.49673E+00
 1996    7   0.71457E+00
 1996    8   0.12471E+00
 1996    9  -0.11400E+01
 1996   10   0.18253E+00
 1996   11   0.13637E+00
 1996   12  -0.17208E+01
 1997    1  -0.45677E+00
 1997    2   0.18887E+01
 1997    3   0.10908E+01
 1997    4   0.32363E+00
 1997    5  -0.96113E+00
 1997    6  -0.81499E+00
 1997    7  -0.43061E+00
 1997    8   0.12062E+00
 1997    9   0.19451E+00
 1997   10  -0.69971E+00
 1997   11  -0.66113E+00
 1997   12  -0.71116E-01
 1998    1  -0.20806E+01
 1998    2  -0.18318E+00
 1998    3  -0.25442E+00
 1998    4  -0.37912E-01
 1998    5   0.42864E+00
 1998    6  -0.71073E+00
 1998    7  -0.21167E+00
 1998    8   0.65033E+00
 1998    9  -0.10499E+01
 1998   10   0.29433E+00
 1998   11  -0.14494E+01
 1998   12   0.13534E+01
 1999    1   0.11035E+00
 1999    2   0.48213E+00
 1999    3  -0.14916E+01
 1999    4   0.28445E+00
 1999    5   0.22587E+00
 1999    6   0.70703E+00
 1999    7  -0.20418E-02
 1999    8  -0.67215E+00
 1999    9   0.59078E-01
 1999   10  -0.58023E-02
 1999   11   0.61094E+00
 1999   12   0.10431E+01
 2000    1   0.12702E+01
 2000    2   0.10758E+01
 2000    3  -0.45136E+00
 2000    4  -0.27852E+00
 2000    5   0.96909E+00
 2000    6   0.58610E+00
 2000    7  -0.64943E+00
 2000    8   0.14389E+00
 2000    9   0.39486E+00
 2000   10   0.31678E+00
 2000   11  -0.15815E+01
 2000   12  -0.23544E+01
 2001    1  -0.95883E+00
 2001    2  -0.62241E+00
 2001    3  -0.16865E+01
 2001    4   0.90598E+00
 2001    5   0.45196E+00
 2001    6  -0.15338E-01
 2001    7  -0.30988E-01
 2001    8   0.52050E+00
 2001    9  -0.70660E+00
 2001   10   0.70747E+00
 2001   11   0.81865E+00
 2001   12  -0.13224E+01
 2002    1   0.13813E+01
 2002    2   0.13035E+01
 2002    3   0.90200E+00
 2002    4   0.74841E+00
 2002    5   0.40136E+00
 2002    6   0.57274E+00
 2002    7   0.32764E+00
 2002    8  -0.22853E+00
 2002    9  -0.42744E-01
 2002   10  -0.14885E+01
 2002   11  -0.14251E+01
 2002   12  -0.15921E+01
 2003    1  -0.47167E+00
 2003    2   0.12780E+00
 2003    3   0.93297E+00
 2003    4  -0.17811E+00
 2003    5   0.10167E+01
 2003    6  -0.10212E+00
 2003    7   0.75316E-01
 2003    8  -0.28037E+00
 2003    9   0.46658E+00
 2003   10  -0.66981E+00
 2003   11   0.64242E+00
 2003   12   0.26521E+00
 2004    1  -0.16858E+01
 2004    2  -0.15285E+01
 2004    3   0.31806E+00
 2004    4  -0.40938E+00
 2004    5  -0.94252E-01
 2004    6  -0.23587E+00
 2004    7  -0.20054E+00
 2004    8  -0.72019E+00
 2004    9   0.85501E+00
 2004   10  -0.51542E+00
 2004   11   0.67827E+00
 2004   12   0.12301E+01
 2005    1   0.35617E+00
 2005    2  -0.12706E+01
 2005    3  -0.13479E+01
 2005    4  -0.46214E-01
 2005    5  -0.76336E+00
 2005    6  -0.38324E+00
 2005    7  -0.30247E-01
 2005    8   0.26141E-01
 2005    9   0.80239E+00
 2005   10   0.29768E-01
 2005   11   0.22769E+00
 2005   12  -0.21039E+01
 2006    1  -0.17047E+00
 2006    2  -0.15577E+00
 2006    3  -0.16038E+01
 2006    4   0.13833E+00
 2006    5   0.15581E+00
 2006    6   0.10708E+01
 2006    7   0.10270E+00
 2006    8  -0.26525E+00
 2006    9   0.60649E+00
 2006   10  -0.10291E+01
 2006   11   0.52131E+00
 2006   12   0.22817E+01
 2007    1   0.20338E+01
 2007    2  -0.13069E+01
 2007    3   0.11821E+01
 2007    4   0.54427E+00
 2007    5   0.89367E+00
 2007    6  -0.55496E+00
 2007    7  -0.39652E+00
 2007    8  -0.33738E-01
 2007    9   0.17892E+00
 2007   10   0.38348E+00
 2007   11  -0.51866E+00
 2007   12   0.82113E+00
 2008    1   0.81896E+00
 2008    2   0.93807E+00
 2008    3   0.58559E+00
 2008    4  -0.45501E+00
 2008    5  -0.12047E+01
 2008    6  -0.89780E-01
 2008    7  -0.47992E+00
 2008    8  -0.80482E-01
 2008    9  -0.32657E+00
 2008   10   0.16758E+01
 2008   11   0.92205E-01
 2008   12   0.64778E+00
 2009    1   0.79975E+00
 2009    2  -0.67230E+00
 2009    3   0.12134E+00
 2009    4   0.97253E+00
 2009    5   0.11937E+01
 2009    6  -0.13507E+01
 2009    7  -0.13559E+01
 2009    8  -0.53666E-01
 2009    9   0.87451E+00
 2009   10  -0.15399E+01
 2009   11   0.45885E+00
 2009   12  -0.34128E+01
 2010    1  -0.25868E+01
 2010    2  -0.42657E+01
 2010    3  -0.43208E+00
 2010    4  -0.27450E+00
 2010    5  -0.91864E+00
 2010    6  -0.13004E-01
 2010    7   0.43527E+00
 2010    8  -0.11660E+00
 2010    9  -0.86464E+00
 2010   10  -0.46697E+00
 2010   11  -0.37575E+00
 2010   12  -0.26310E+01
 2011    1  -0.16831E+01
 2011    2   0.15754E+01
 2011    3   0.14241E+01
 2011    4   0.22748E+01
 2011    5  -0.35093E-01
 2011    6  -0.85775E+00
 2011    7  -0.47162E+00
 2011    8  -0.10626E+01
 2011    9   0.66474E+00
 2011   10   0.79975E+00
 2011   11   0.14592E+01
 2011   12   0.22208E+01
 2012    1  -0.21966E+00
 2012    2  -0.36335E-01
 2012    3   0.10371E+01
 2012    4  -0.34571E-01
 2012    5   0.16841E+00
 2012    6  -0.67241E+00
 2012    7   0.16779E+00
 2012    8   0.13999E-01
 2012    9   0.77225E+00
 2012   10  -0.15140E+01
 2012   11  -0.11057E+00
 2012   12  -0.17486E+01
 2013    1  -0.60952E+00
 2013    2  -0.10074E+01
 2013    3  -0.31854E+01
 2013    4   0.32221E+00
 2013    5   0.49401E+00
 2013    6   0.54865E+00
 2013    7  -0.11112E-01
 2013    8   0.15425E+00
 2013    9  -0.46088E+00
 2013   10   0.26276E+00
 2013   11   0.20290E+01
 2013   12   0.14749E+01
 2014    1  -0.96876E+00
 2014    2   0.43775E-01
 2014    3   0.12058E+01
 2014    4   0.97197E+00
 2014    5   0.46421E+00
 2014    6  -0.50745E+00
 2014    7  -0.48894E+00
 2014    8  -0.37154E+00
 2014    9   0.10191E+00
 2014   10  -0.11344E+01
 2014   11  -0.53030E+00
 2014   12   0.41292E+00
 2015    1   0.10916E+01
 2015    2   0.10426E+01
 2015    3   0.18374E+01
 2015    4   0.12157E+01
 2015    5   0.76276E+00
 2015    6   0.42704E+00
 2015    7  -0.11079E+01
 2015    8  -0.68902E+00
 2015    9  -0.16451E+00
 2015   10  -0.25006E+00
 2015   11   0.19450E+01
 2015   12   0.14441E+01
 2016    1  -0.14487E+01
 2016    2  -0.23521E-01
 2016    3   0.28024E+00
 2016    4  -0.10511E+01
 2016    5  -0.35739E-01
 2016    6   0.31288E+00
 2016    7   0.84758E-01
 2016    8   0.47238E+00
 2016    9   0.78097E+00
 2016   10  -0.19173E+01
 2016   11  -0.61091E+00
 2016   12   0.17864E+01
 2017    1   0.94197E+00
 2017    2   0.33986E+00
 2017    3   0.13654E+01
 2017    4  -0.88658E-01
 2017    5  -0.73014E+00
 2017    6   0.40166E+00
 2017    7   0.63423E+00
 2017    8   0.15004E+00
 2017    9  -0.49245E+00
 2017   10   0.69034E+00
 2017   11  -0.77573E-01
 2017   12  -0.58978E-01
 2018    1  -0.28084E+00
 2018    2   0.11273E+00
 2018    3  -0.94112E+00
 2018    4   0.54391E+00
 2018    5   0.11796E+01
 2018    6   0.37988E+00
 2018    7   0.61175E+00
 2018    8   0.83607E+00
 2018    9   0.58451E+00
 2018   10   0.41277E+00
 2018   11  -0.11162E+01
 2018   12   0.10973E+00
 2019    1  -0.71320E+00
 2019    2   0.11495E+01
 2019    3   0.21161E+01
 2019    4  -0.25531E+00
 2019    5  -0.12313E+01
 2019    6  -0.60129E+00
 2019    7  -0.88969E+00
 2019    8  -0.72177E+00
 2019    9   0.30620E+00
 2019   10  -0.82195E-01
 2019   11  -0.11934E+01
 2019   12   0.41207E+00
 2020    1   0.24190E+01
 2020    2   0.34172E+01
 2020    3   0.26414E+01
 2020    4   0.92811E+00
 2020    5  -0.27055E-01
 2020    6  -0.12180E+00
 2020    7  -0.41182E+00
 2020    8  -0.38117E+00
 2020    9   0.63142E+00
 2020   10  -0.71711E-01
 2020   11   0.20864E+01
 2020   12  -0.17360E+01
 2021    1  -0.24836E+01
 2021    2  -0.11907E+01
 2021    3   0.21092E+01
 2021    4  -0.20440E+00
 2021    5  -0.16059E+00
 2021    6   0.83970E+00
 2021    7   0.62493E+00
 2021    8  -0.21664E+00
 2021    9  -0.24701E+00
 2021   10  -0.13944E+00
 2021   11   0.99148E-01
 2021   12   0.20124E+00