1.979000000000000000e+03 -4.747578016445139326e+00
1.980000000000000000e+03 4.529606029715166349e-03
1.981000000000000000e+03 1.279164127126112271e-01
1.982000000000000000e+03 4.060141260776115146e+00
1.983000000000000000e+03 -3.104496153240625222e+00
1.984000000000000000e+03 -2.615589073405994114e+00
1.985000000000000000e+03 2.524806751753137402e+00
1.986000000000000000e+03 -2.021596777730907846e+00
1.987000000000000000e+03 3.268018744523772945e+00
1.988000000000000000e+03 -3.871939331354000480e+00
1.989000000000000000e+03 -1.261789694752283530e+00
1.990000000000000000e+03 6.334120217697170041e+00
1.991000000000000000e+03 2.535714506543969016e-01
1.992000000000000000e+03 7.131880721382222177e-01
1.993000000000000000e+03 4.484195375024980779e-01
1.994000000000000000e+03 2.964436591295202206e+00
1.995000000000000000e+03 -3.710439483735862076e+00
1.996000000000000000e+03 -3.334616981885059950e+00
1.997000000000000000e+03 2.681612239485642313e-01
1.998000000000000000e+03 -1.073249466610791014e+00
1.999000000000000000e+03 -2.199449328860955399e-01
2.000000000000000000e+03 -1.116854915089210198e+00
2.001000000000000000e+03 2.271592432116081195e+00
2.002000000000000000e+03 3.232352895969969331e-01
2.003000000000000000e+03 -2.123075222364468218e+00
2.004000000000000000e+03 6.102954102548900917e-01
2.005000000000000000e+03 -5.697902191340384337e-02
2.006000000000000000e+03 2.353527948155081706e+00
2.007000000000000000e+03 2.444075499473012503e+00
2.008000000000000000e+03 -4.046986803888065864e+00
2.009000000000000000e+03 1.927890422459508368e+00
2.010000000000000000e+03 -2.335839406200408419e+00
2.011000000000000000e+03 8.727760852622571619e+00
2.012000000000000000e+03 2.324306580646141596e-01
2.013000000000000000e+03 2.024033333104075183e+00
2.014000000000000000e+03 2.774564306679977221e+00
2.015000000000000000e+03 4.667610415764821497e+00
2.016000000000000000e+03 -1.169700592511538906e+00
2.017000000000000000e+03 1.408173907816320458e+00
2.018000000000000000e+03 3.407462120942934547e+00
2.019000000000000000e+03 -6.015570240572608585e-01
