1.979000000000000000e+03 -1.657596514128590659e+00
1.980000000000000000e+03 -2.953058790400428180e+00
1.981000000000000000e+03 -2.517692022030788124e+00
1.982000000000000000e+03 4.063414099701383009e+00
1.983000000000000000e+03 -1.612154024320738177e+00
1.984000000000000000e+03 -5.430095142492795901e+00
1.985000000000000000e+03 -4.865207170274646664e+00
1.986000000000000000e+03 -7.934821538294710708e-01
1.987000000000000000e+03 -6.437381194759646874e+00
1.988000000000000000e+03 -1.583890513053370253e+00
1.989000000000000000e+03 9.496450601579791595e+00
1.990000000000000000e+03 1.242521780646380414e+01
1.991000000000000000e+03 -2.381137678866753760e+00
1.992000000000000000e+03 5.235395569458107801e+00
1.993000000000000000e+03 2.025998322675084395e+00
1.994000000000000000e+03 2.489621285914092041e+00
1.995000000000000000e+03 5.444239050383049339e+00
1.996000000000000000e+03 -4.710607983203821902e+00
1.997000000000000000e+03 8.089027032878284729e+00
1.998000000000000000e+03 1.526343780576301379e-01
1.999000000000000000e+03 -2.063105264808723582e+00
2.000000000000000000e+03 5.281993530108026746e+00
2.001000000000000000e+03 -4.688616583059394216e+00
2.002000000000000000e+03 3.874160959319766562e+00
2.003000000000000000e+03 1.302135110529009321e+00
2.004000000000000000e+03 -1.170154205602549569e+00
2.005000000000000000e+03 -6.408636707550955158e+00
2.006000000000000000e+03 -7.016983937774462277e+00
2.007000000000000000e+03 -4.734765044843661785e-01
2.008000000000000000e+03 3.335171098644210463e+00
2.009000000000000000e+03 -3.692434649970177674e+00
2.010000000000000000e+03 -9.003538429621555039e+00
2.011000000000000000e+03 2.414867155635964657e+00
2.012000000000000000e+03 8.352106318820677888e-01
2.013000000000000000e+03 -1.067323300047171308e+01
2.014000000000000000e+03 3.677053973137557108e+00
2.015000000000000000e+03 4.865526072379477540e+00
2.016000000000000000e+03 2.913325065197724495e+00
2.017000000000000000e+03 2.371529675259281600e+00
2.018000000000000000e+03 -5.125003401555857430e+00
2.019000000000000000e+03 4.964514453056493082e+00
