1.979000000000000000e+03 -2.030411859373305372e+00
1.980000000000000000e+03 -3.299980002963661896e+00
1.981000000000000000e+03 -2.838719101912539511e+00
1.982000000000000000e+03 3.768281152501115727e+00
1.983000000000000000e+03 -1.881392838839525572e+00
1.984000000000000000e+03 -5.673439824330101189e+00
1.985000000000000000e+03 -5.082657719430470955e+00
1.986000000000000000e+03 -9.850385703038120333e-01
1.987000000000000000e+03 -6.603043478552506507e+00
1.988000000000000000e+03 -1.723658664164747778e+00
1.989000000000000000e+03 9.382576583149898397e+00
1.990000000000000000e+03 1.233723792071538838e+01
1.991000000000000000e+03 -2.443223431933685408e+00
1.992000000000000000e+03 5.199203949072659370e+00
1.993000000000000000e+03 2.015700834971116517e+00
1.994000000000000000e+03 2.505217930891606049e+00
1.995000000000000000e+03 5.485729828042043899e+00
1.996000000000000000e+03 -4.643223072863343681e+00
1.997000000000000000e+03 8.182306075900246611e+00
1.998000000000000000e+03 2.718075537610719072e-01
1.999000000000000000e+03 -1.918037956423800150e+00
2.000000000000000000e+03 5.452954971174433396e+00
2.001000000000000000e+03 -4.491761009311507458e+00
2.002000000000000000e+03 4.096910665749136093e+00
2.003000000000000000e+03 1.550778949639861182e+00
2.004000000000000000e+03 -8.956162338102162668e-01
2.005000000000000000e+03 -6.108204603077139971e+00
2.006000000000000000e+03 -6.690657700619165205e+00
2.007000000000000000e+03 -1.212561346475869994e-01
2.008000000000000000e+03 3.713285601162470861e+00
2.009000000000000000e+03 -3.288426014770434502e+00
2.010000000000000000e+03 -8.573635661740329539e+00
2.011000000000000000e+03 2.870664056198671155e+00
2.012000000000000000e+03 1.316901665126256837e+00
2.013000000000000000e+03 -1.016564783454604282e+01
2.014000000000000000e+03 4.210533271744710149e+00
2.015000000000000000e+03 5.424899503668112466e+00
2.016000000000000000e+03 3.498592629167840862e+00
2.017000000000000000e+03 2.982691371910879408e+00
2.018000000000000000e+03 -4.487947572222776849e+00
2.019000000000000000e+03 5.627464415071054660e+00
