1.979000000000000000e+03 1.119771714925485107e+00
1.980000000000000000e+03 -5.026534614406722667e+00
1.981000000000000000e+03 -4.873026599178078122e+00
1.982000000000000000e+03 4.758745958616196425e+00
1.983000000000000000e+03 1.443011746063912470e+00
1.984000000000000000e+03 -9.043249272649406478e+00
1.985000000000000000e+03 -1.492601363976659323e+00
1.986000000000000000e+03 1.008640316987664498e+01
1.987000000000000000e+03 -7.469967411211304587e+00
1.988000000000000000e+03 -1.477579911448692718e+00
1.989000000000000000e+03 6.696442470158210369e+00
1.990000000000000000e+03 1.186311631023646385e+01
1.991000000000000000e+03 -4.451535119509898664e+00
1.992000000000000000e+03 4.554053268809816757e+00
1.993000000000000000e+03 2.510301744894610998e+00
1.994000000000000000e+03 8.140077413645265381e+00
1.995000000000000000e+03 1.515709737544681746e+00
1.996000000000000000e+03 -7.597929024927827513e+00
1.997000000000000000e+03 4.399673127938950046e+00
1.998000000000000000e+03 -7.507082348561959773e-01
1.999000000000000000e+03 -6.100403230843746805e+00
2.000000000000000000e+03 4.860989609076252216e-01
2.001000000000000000e+03 -6.493586582406702945e+00
2.002000000000000000e+03 2.110267582546188514e+00
2.003000000000000000e+03 2.308538183200106175e+00
2.004000000000000000e+03 2.402298797368596084e-01
2.005000000000000000e+03 -6.339840872174064224e+00
2.006000000000000000e+03 -8.447200111493135211e+00
2.007000000000000000e+03 4.262873854108692129e+00
2.008000000000000000e+03 1.528175123708124916e+00
2.009000000000000000e+03 -1.414528338984105460e+00
2.010000000000000000e+03 -2.538130044622509907e+00
2.011000000000000000e+03 2.748301080844372635e+00
2.012000000000000000e+03 2.312214359894471993e+00
2.013000000000000000e+03 -1.541820064712270621e+01
2.014000000000000000e+03 4.068226776840637271e+00
2.015000000000000000e+03 6.047013948607325773e+00
2.016000000000000000e+03 1.652341965139455526e+00
2.017000000000000000e+03 3.448399113549219575e+00
2.018000000000000000e+03 -8.218884630625957755e+00
2.019000000000000000e+03 8.853918518644395164e+00
