1.979000000000000000e+03 -1.015402020454176579e+01
1.980000000000000000e+03 -7.430726128643437178e+00
1.981000000000000000e+03 7.288248202301708112e-01
1.982000000000000000e+03 -4.762306827066707271e+00
1.983000000000000000e+03 8.182322823369027276e+00
1.984000000000000000e+03 5.177715066672158528e+00
1.985000000000000000e+03 -9.604726184050736748e+00
1.986000000000000000e+03 1.668409248412609180e+00
1.987000000000000000e+03 -6.257974803155238241e+00
1.988000000000000000e+03 1.083967404213356911e+00
1.989000000000000000e+03 8.821253957805202717e+00
1.990000000000000000e+03 5.987382629376001297e+00
1.991000000000000000e+03 3.690318917293029521e+00
1.992000000000000000e+03 3.533500637850220283e+00
1.993000000000000000e+03 1.285934416027350480e+01
1.994000000000000000e+03 1.537977528787859871e+00
1.995000000000000000e+03 7.114181129798147207e-01
1.996000000000000000e+03 -6.451956089388593441e+00
1.997000000000000000e+03 -1.304104935936071685e+00
1.998000000000000000e+03 -5.185174943884462984e+00
1.999000000000000000e+03 8.053999961059938872e-01
2.000000000000000000e+03 2.759338392556054842e+00
2.001000000000000000e+03 -1.280111936302733122e+00
2.002000000000000000e+03 5.455088402755308152e+00
2.003000000000000000e+03 3.773067629062526462e-01
2.004000000000000000e+03 -5.895447857945968373e+00
2.005000000000000000e+03 3.338095621516689704e+00
2.006000000000000000e+03 -2.133072463259602980e+00
2.007000000000000000e+03 7.536512827601026920e+00
2.008000000000000000e+03 1.923197389831927229e+00
2.009000000000000000e+03 2.002397976044576033e+00
2.010000000000000000e+03 -1.020252315040876390e+01
2.011000000000000000e+03 -5.966908802106877907e+00
2.012000000000000000e+03 -1.400617119892653806e+00
2.013000000000000000e+03 -1.568847715872114801e-01
2.014000000000000000e+03 -1.677515314441823557e+00
2.015000000000000000e+03 6.020906990808917669e+00
2.016000000000000000e+03 -2.186937413112793660e+00
2.017000000000000000e+03 2.687384955171598921e-01
2.018000000000000000e+03 1.183480912279595287e-01
2.019000000000000000e+03 -2.536757308409378187e+00
