1.979000000000000000e+03 -2.398987193517355454e+00
1.980000000000000000e+03 -1.699822884677765433e+00
1.981000000000000000e+03 -1.389679484674506860e+00
1.982000000000000000e+03 4.287236164697308283e+00
1.983000000000000000e+03 -1.905918437127153586e+00
1.984000000000000000e+03 -4.309473537101116136e+00
1.985000000000000000e+03 -2.240646328373443463e+00
1.986000000000000000e+03 -1.062860875042141551e+00
1.987000000000000000e+03 -3.083485109381500777e+00
1.988000000000000000e+03 -2.249040728007373424e+00
1.989000000000000000e+03 5.986673179477836726e+00
1.990000000000000000e+03 1.044992457241285777e+01
1.991000000000000000e+03 -1.469058721292572756e+00
1.992000000000000000e+03 3.740605603614477026e+00
1.993000000000000000e+03 1.491521213076421271e+00
1.994000000000000000e+03 2.618045492029191124e+00
1.995000000000000000e+03 2.341601928860675308e+00
1.996000000000000000e+03 -4.324251974051111169e+00
1.997000000000000000e+03 5.388534057477372130e+00
1.998000000000000000e+03 -3.707613237269875572e-01
1.999000000000000000e+03 -1.584716288867123568e+00
2.000000000000000000e+03 2.991816199205534321e+00
2.001000000000000000e+03 -2.547004808308451551e+00
2.002000000000000000e+03 2.490831124633828608e+00
2.003000000000000000e+03 -6.051965968463515755e-02
2.004000000000000000e+03 -8.188190407033546503e-01
2.005000000000000000e+03 -4.554795567195855988e+00
2.006000000000000000e+03 -4.178088111792837012e+00
2.007000000000000000e+03 1.932026463690716955e-01
2.008000000000000000e+03 5.473835661969647104e-01
2.009000000000000000e+03 -2.167291238567575551e+00
2.010000000000000000e+03 -7.150500415692596867e+00
2.011000000000000000e+03 4.128406679615939545e+00
2.012000000000000000e+03 2.222955511232206360e-01
2.013000000000000000e+03 -6.874029359903615521e+00
2.014000000000000000e+03 2.921775565890396109e+00
2.015000000000000000e+03 4.323875620609159753e+00
2.016000000000000000e+03 1.055407898591734783e+00
2.017000000000000000e+03 1.532272424271255318e+00
2.018000000000000000e+03 -2.820216937034098592e+00
2.019000000000000000e+03 2.548558536569928812e+00
