1.979000000000000000e+03 7.322657504083602831e-01
1.980000000000000000e+03 -5.387350181910102620e+00
1.981000000000000000e+03 -5.207151769667712315e+00
1.982000000000000000e+03 4.451311185140307103e+00
1.983000000000000000e+03 1.162267369601767353e+00
1.984000000000000000e+03 -9.297303252097805171e+00
1.985000000000000000e+03 -1.719964946411314477e+00
1.986000000000000000e+03 9.885729984455734254e+00
1.987000000000000000e+03 -7.643950199618469554e+00
1.988000000000000000e+03 -1.624872302842113037e+00
1.989000000000000000e+03 6.575840475778536032e+00
1.990000000000000000e+03 1.176920471287053260e+01
1.991000000000000000e+03 -4.518756319862084148e+00
1.992000000000000000e+03 4.513522465471376144e+00
1.993000000000000000e+03 2.496461338569915256e+00
1.994000000000000000e+03 8.152927404334313621e+00
1.995000000000000000e+03 1.555250125247475745e+00
1.996000000000000000e+03 -7.531698240211290418e+00
1.997000000000000000e+03 4.492594309669233787e+00
1.998000000000000000e+03 -6.310966561121666984e-01
1.999000000000000000e+03 -5.954101255085973321e+00
2.000000000000000000e+03 6.590913336791435206e-01
2.001000000000000000e+03 -6.293903812621439720e+00
2.002000000000000000e+03 2.336640749345196166e+00
2.003000000000000000e+03 2.561601747012859587e+00
2.004000000000000000e+03 5.199838405633578908e-01
2.005000000000000000e+03 -6.033396514333821514e+00
2.006000000000000000e+03 -8.114065356639148519e+00
2.007000000000000000e+03 4.622699005976424580e+00
2.008000000000000000e+03 1.914690672589603571e+00
2.009000000000000000e+03 -1.001322393088883267e+00
2.010000000000000000e+03 -2.098233701713542398e+00
2.011000000000000000e+03 3.214887820767085014e+00
2.012000000000000000e+03 2.805491496830929243e+00
2.013000000000000000e+03 -1.489823311317250543e+01
2.014000000000000000e+03 4.614884707804584707e+00
2.015000000000000000e+03 6.620362276585018080e+00
2.016000000000000000e+03 2.252380690130892482e+00
2.017000000000000000e+03 4.075128235554401179e+00
2.018000000000000000e+03 -7.565465111607030835e+00
2.019000000000000000e+03 9.534028434677066954e+00
