1.979000000000000000e+03 -4.434964743182668201e+00
1.980000000000000000e+03 -8.795829663941381327e-01
1.981000000000000000e+03 -1.623574448834967932e-01
1.982000000000000000e+03 3.368082240786573145e+00
1.983000000000000000e+03 -4.667319794705393043e+00
1.984000000000000000e+03 -1.816941012336179107e+00
1.985000000000000000e+03 -8.237812976572634227e+00
1.986000000000000000e+03 -1.167336747753558512e+01
1.987000000000000000e+03 -5.404794978307993603e+00
1.988000000000000000e+03 -1.690201114658047121e+00
1.989000000000000000e+03 1.229645873300137282e+01
1.990000000000000000e+03 1.298731930269114443e+01
1.991000000000000000e+03 -3.107402382236126304e-01
1.992000000000000000e+03 5.916737870106400621e+00
1.993000000000000000e+03 1.541694900455558903e+00
1.994000000000000000e+03 -3.160834841817078189e+00
1.995000000000000000e+03 9.372768363221410937e+00
1.996000000000000000e+03 -1.823286941479815182e+00
1.997000000000000000e+03 1.177838093781761941e+01
1.998000000000000000e+03 1.055976990971455365e+00
1.999000000000000000e+03 1.974192701226300750e+00
2.000000000000000000e+03 1.007788809930842966e+01
2.001000000000000000e+03 -2.883646583712086819e+00
2.002000000000000000e+03 5.638054336093345498e+00
2.003000000000000000e+03 2.957320378579131326e-01
2.004000000000000000e+03 -2.580538290941963186e+00
2.005000000000000000e+03 -6.477432542927846093e+00
2.006000000000000000e+03 -5.586767764055792895e+00
2.007000000000000000e+03 -5.209826863077427817e+00
2.008000000000000000e+03 5.142167073580298897e+00
2.009000000000000000e+03 -5.970340960956249887e+00
2.010000000000000000e+03 -1.546894681462059751e+01
2.011000000000000000e+03 2.081433230427554903e+00
2.012000000000000000e+03 -6.417930961303328630e-01
2.013000000000000000e+03 -5.928265353820719952e+00
2.014000000000000000e+03 3.285881169434476057e+00
2.015000000000000000e+03 3.684038196151627087e+00
2.016000000000000000e+03 4.174308165255997238e+00
2.017000000000000000e+03 1.294660236969345624e+00
2.018000000000000000e+03 -2.031122172485757105e+00
2.019000000000000000e+03 1.075110387468588335e+00
