1.979000000000000000e+03 -3.881768552294884600e+00
1.980000000000000000e+03 8.066489267675651664e-01
1.981000000000000000e+03 8.663455900380572228e-01
1.982000000000000000e+03 4.734880294689157054e+00
1.983000000000000000e+03 -2.493447262739988624e+00
1.984000000000000000e+03 -2.068230326317761936e+00
1.985000000000000000e+03 3.008475355428965159e+00
1.986000000000000000e+03 -1.601618317467484065e+00
1.987000000000000000e+03 3.624307061374791861e+00
1.988000000000000000e+03 -3.579341157915385985e+00
1.989000000000000000e+03 -1.032881664726073456e+00
1.990000000000000000e+03 6.499338104310976583e+00
1.991000000000000000e+03 3.550991938557982452e-01
1.992000000000000000e+03 7.510256719272193626e-01
1.993000000000000000e+03 4.225669938790910241e-01
1.994000000000000000e+03 2.874893904259390620e+00
1.995000000000000000e+03 -3.863672314184078083e+00
1.996000000000000000e+03 -3.551539955745680377e+00
1.997000000000000000e+03 -1.245189332446039465e-02
1.998000000000000000e+03 -1.417552727296219839e+00
1.999000000000000000e+03 -6.279383369839289797e-01
2.000000000000000000e+03 -1.588538462599448309e+00
2.001000000000000000e+03 1.736218741193438886e+00
2.002000000000000000e+03 -2.758285447380497413e-01
2.003000000000000000e+03 -2.785829200111919146e+00
2.004000000000000000e+03 -1.161487109049655908e-01
2.005000000000000000e+03 -8.471132864856638633e-01
2.006000000000000000e+03 1.499703540170417293e+00
2.007000000000000000e+03 1.526560948075943447e+00
2.008000000000000000e+03 -5.028191498697538897e+00
2.009000000000000000e+03 8.829955842376306929e-01
2.010000000000000000e+03 -3.444424387834690293e+00
2.011000000000000000e+03 7.555485727575885768e+00
2.012000000000000000e+03 -1.003534610394476889e+00
2.013000000000000000e+03 7.243779212325800465e-01
2.014000000000000000e+03 1.411218751396077886e+00
2.015000000000000000e+03 3.240574717068517963e+00
2.016000000000000000e+03 -2.660426434620247527e+00
2.017000000000000000e+03 -1.462420777047925835e-01
2.018000000000000000e+03 1.789355992009417751e+00
2.019000000000000000e+03 -2.283353296403183297e+00
