1.979000000000000000e+03 -2.936133911730587798e+00
1.980000000000000000e+03 -2.198476799965875639e+00
1.981000000000000000e+03 -1.849840597037493595e+00
1.982000000000000000e+03 3.865567855259443686e+00
1.983000000000000000e+03 -2.289093943639894935e+00
1.984000000000000000e+03 -4.654156240688735124e+00
1.985000000000000000e+03 -2.546836229035939425e+00
1.986000000000000000e+03 -1.330557972779514930e+00
1.987000000000000000e+03 -3.312689404193751130e+00
1.988000000000000000e+03 -2.439752219894501195e+00
1.989000000000000000e+03 5.834454490515831537e+00
1.990000000000000000e+03 1.033619868637597605e+01
1.991000000000000000e+03 -1.544291804404332114e+00
1.992000000000000000e+03 3.703865323427840472e+00
1.993000000000000000e+03 1.493273735814907521e+00
1.994000000000000000e+03 2.658290817692800179e+00
1.995000000000000000e+03 2.420340057449406501e+00
1.996000000000000000e+03 -4.207021042537256506e+00
1.997000000000000000e+03 5.544257791916347600e+00
1.998000000000000000e+03 -1.765447863628876735e-01
1.999000000000000000e+03 -1.352006948577901158e+00
2.000000000000000000e+03 3.263018342419879758e+00
2.001000000000000000e+03 -2.237309862168982644e+00
2.002000000000000000e+03 2.839018873698419210e+00
2.003000000000000000e+03 3.261608923050783870e-01
2.004000000000000000e+03 -3.936456857885184402e-01
2.005000000000000000e+03 -4.091129409355897195e+00
2.006000000000000000e+03 -3.675929151027755637e+00
2.007000000000000000e+03 7.338544100592763186e-01
2.008000000000000000e+03 1.126528132812292249e+00
2.009000000000000000e+03 -1.549653869027125763e+00
2.010000000000000000e+03 -6.494370243227025163e+00
2.011000000000000000e+03 4.823029655006635608e+00
2.012000000000000000e+03 9.554113294390390587e-01
2.013000000000000000e+03 -6.102420778662672518e+00
2.014000000000000000e+03 3.731876950056460807e+00
2.015000000000000000e+03 5.172469807700347033e+00
2.016000000000000000e+03 1.942494888608044423e+00
2.017000000000000000e+03 2.457852217212687762e+00
2.018000000000000000e+03 -1.856144341167544010e+00
2.019000000000000000e+03 3.551123935361606421e+00
