1.979000000000000000e+03 -4.489737744266314223e+00
1.980000000000000000e+03 -4.445614569814765993e+00
1.981000000000000000e+03 -1.435519741277133221e+00
1.982000000000000000e+03 1.121507124112021803e+00
1.983000000000000000e+03 1.652671591575847643e+00
1.984000000000000000e+03 -1.894158406104476278e+00
1.985000000000000000e+03 -6.445046841533341286e+00
1.986000000000000000e+03 2.714831358455579990e-02
1.987000000000000000e+03 -6.377579064224844885e+00
1.988000000000000000e+03 -6.946045406311305292e-01
1.989000000000000000e+03 9.271385053654926267e+00
1.990000000000000000e+03 1.027927274743453268e+01
1.991000000000000000e+03 -3.573188134801616456e-01
1.992000000000000000e+03 4.668097258922145443e+00
1.993000000000000000e+03 5.637113601874556679e+00
1.994000000000000000e+03 2.172406700205349761e+00
1.995000000000000000e+03 3.866632071248636837e+00
1.996000000000000000e+03 -5.291057351932080266e+00
1.997000000000000000e+03 4.957983043273499035e+00
1.998000000000000000e+03 -1.626635395923068161e+00
1.999000000000000000e+03 -1.106936844503814354e+00
2.000000000000000000e+03 4.441108484257369149e+00
2.001000000000000000e+03 -3.552448367473840740e+00
2.002000000000000000e+03 4.401136773798282498e+00
2.003000000000000000e+03 9.938589946547577991e-01
2.004000000000000000e+03 -2.745252089717019839e+00
2.005000000000000000e+03 -3.159725931195072945e+00
2.006000000000000000e+03 -5.389013446269511398e+00
2.007000000000000000e+03 2.196519939544095301e+00
2.008000000000000000e+03 2.864513195706783755e+00
2.009000000000000000e+03 -1.794157107965258291e+00
2.010000000000000000e+03 -9.403200003217293101e+00
2.011000000000000000e+03 -3.790581636116495123e-01
2.012000000000000000e+03 8.993471462382784942e-02
2.013000000000000000e+03 -7.167783590843542996e+00
2.014000000000000000e+03 1.892197543944430294e+00
2.015000000000000000e+03 5.250653045189290324e+00
2.016000000000000000e+03 1.213237572427553923e+00
2.017000000000000000e+03 1.670599282011905107e+00
2.018000000000000000e+03 -3.377219570627920220e+00
2.019000000000000000e+03 2.464090532567869474e+00
