1.979000000000000000e+03 -1.631627696185420362e+00
1.980000000000000000e+03 1.444031762188777934e+00
1.981000000000000000e+03 1.168495633643360065e+00
1.982000000000000000e+03 5.716457695177754594e-01
1.983000000000000000e+03 4.187674608236602314e-01
1.984000000000000000e+03 -5.423734339268905247e-01
1.985000000000000000e+03 -6.221533464385392564e-01
1.986000000000000000e+03 1.293725406477024276e-01
1.987000000000000000e+03 -1.245307151232919018e+00
1.988000000000000000e+03 2.416384379079336564e-02
1.989000000000000000e+03 1.080371421186218761e+00
1.990000000000000000e+03 1.457718375991600812e+00
1.991000000000000000e+03 -4.212615112763916647e-01
1.992000000000000000e+03 -1.787606030850551198e-01
1.993000000000000000e+03 -1.317841028204878584e-01
1.994000000000000000e+03 -4.336501227921789603e-01
1.995000000000000000e+03 1.418930530440059679e+00
1.996000000000000000e+03 9.915885344638805110e-01
1.997000000000000000e+03 -2.544609927833402577e-02
1.998000000000000000e+03 -8.920258277095675092e-01
1.999000000000000000e+03 -1.166059913976275064e+00
2.000000000000000000e+03 4.354697499098194036e-01
2.001000000000000000e+03 -1.272795506477956362e+00
2.002000000000000000e+03 -1.043035182883896406e+00
2.003000000000000000e+03 -6.199657738078575564e-01
2.004000000000000000e+03 -1.400857307969816112e+00
2.005000000000000000e+03 4.900665253463820092e-01
2.006000000000000000e+03 -9.417073109183468627e-02
2.007000000000000000e+03 5.822965483368192086e-01
2.008000000000000000e+03 -3.961900022584550762e-01
2.009000000000000000e+03 -1.227518097477701575e+00
2.010000000000000000e+03 4.430825084523082880e-01
2.011000000000000000e+03 5.524546509934032956e-01
2.012000000000000000e+03 3.142850327079604877e-01
2.013000000000000000e+03 -1.242756333518986622e+00
2.014000000000000000e+03 9.051103967386466831e-01
2.015000000000000000e+03 9.702305653926578122e-02
2.016000000000000000e+03 1.116042501591570923e+00
2.017000000000000000e+03 5.802416594419209650e-01
2.018000000000000000e+03 -2.032608476789175139e-02
2.019000000000000000e+03 3.869063262245300283e-01
