1.979000000000000000e+03 -1.884459034642189890e+00
1.980000000000000000e+03 5.556503133106124315e-01
1.981000000000000000e+03 -3.745468128897762039e-01
1.982000000000000000e+03 -8.332423326859215162e-01
1.983000000000000000e+03 4.296965451376527634e-01
1.984000000000000000e+03 -1.001990235732428181e+00
1.985000000000000000e+03 -7.688134323444703044e-01
1.986000000000000000e+03 -1.154443822804896991e+00
1.987000000000000000e+03 -1.422550901762632547e+00
1.988000000000000000e+03 -4.246109473863403649e-01
1.989000000000000000e+03 5.805563032661432282e-02
1.990000000000000000e+03 1.906870657154441151e+00
1.991000000000000000e+03 -6.875566906316991078e-01
1.992000000000000000e+03 8.050141715348489990e-01
1.993000000000000000e+03 -1.143532380735044374e+00
1.994000000000000000e+03 -7.887142030869664922e-01
1.995000000000000000e+03 -6.782427082451926159e-01
1.996000000000000000e+03 1.857953917545487554e+00
1.997000000000000000e+03 8.036341406696830836e-01
1.998000000000000000e+03 3.963232789052780758e-01
1.999000000000000000e+03 -6.472658992114322940e-01
2.000000000000000000e+03 5.108895235854002959e-01
2.001000000000000000e+03 -1.424591678536177186e+00
2.002000000000000000e+03 1.723799068451456584e+00
2.003000000000000000e+03 1.826018773827839115e-01
2.004000000000000000e+03 -9.256812633591444683e-01
2.005000000000000000e+03 1.070633048746616911e+00
2.006000000000000000e+03 3.432594311637139906e-01
2.007000000000000000e+03 7.891251756615084156e-01
2.008000000000000000e+03 3.271306929952860765e-01
2.009000000000000000e+03 -2.896592742786706642e-01
2.010000000000000000e+03 1.360455424430020877e+00
2.011000000000000000e+03 3.136917891450788698e+00
2.012000000000000000e+03 6.352271212154529945e-01
2.013000000000000000e+03 8.785274698385066305e-02
2.014000000000000000e+03 2.930702770186765171e+00
2.015000000000000000e+03 2.435915682899466805e+00
2.016000000000000000e+03 2.660356636443710343e+00
2.017000000000000000e+03 3.304091048067429259e+00
2.018000000000000000e+03 -1.899958633073096925e-02
2.019000000000000000e+03 2.721771978457679708e+00
