1.979000000000000000e+03 -2.182067796450121833e+00
1.980000000000000000e+03 2.057071585016831961e+00
1.981000000000000000e+03 1.055896607359296580e+00
1.982000000000000000e+03 7.519377842474231910e-01
1.983000000000000000e+03 7.781344088823922700e-01
1.984000000000000000e+03 -2.518810492032545478e-01
1.985000000000000000e+03 -3.339061306748542513e-01
1.986000000000000000e+03 3.883891478899763605e-01
1.987000000000000000e+03 -1.502465271920056855e+00
1.988000000000000000e+03 4.434943552349546181e-01
1.989000000000000000e+03 1.367536950086792213e+00
1.990000000000000000e+03 8.766468995627547667e-01
1.991000000000000000e+03 -5.083290825848965078e-01
1.992000000000000000e+03 2.985205494883356181e-01
1.993000000000000000e+03 -1.919513361251601880e-01
1.994000000000000000e+03 -7.085568638830629373e-01
1.995000000000000000e+03 5.517287837241742210e-01
1.996000000000000000e+03 1.290432450787900365e+00
1.997000000000000000e+03 -3.545750962158345510e-01
1.998000000000000000e+03 -1.613887749020963325e+00
1.999000000000000000e+03 -1.076630989850576814e+00
2.000000000000000000e+03 4.894194734228763388e-01
2.001000000000000000e+03 -1.086555516402321064e+00
2.002000000000000000e+03 -1.016971968253549408e+00
2.003000000000000000e+03 -9.874000920933474479e-01
2.004000000000000000e+03 -1.977940138329223219e+00
2.005000000000000000e+03 8.521624854430158713e-01
2.006000000000000000e+03 3.619381409704836572e-01
2.007000000000000000e+03 -2.345271003570550128e-01
2.008000000000000000e+03 -3.765850663938955512e-01
2.009000000000000000e+03 -1.426444444869872985e+00
2.010000000000000000e+03 1.512385557929185435e-02
2.011000000000000000e+03 7.905600410577113824e-01
2.012000000000000000e+03 4.450917626530378479e-01
2.013000000000000000e+03 -1.748797488200184658e+00
2.014000000000000000e+03 1.316477724453735343e+00
2.015000000000000000e+03 1.697110373212184498e-01
2.016000000000000000e+03 1.392617844659763016e+00
2.017000000000000000e+03 1.130773353833260053e+00
2.018000000000000000e+03 3.298095001219831235e-01
2.019000000000000000e+03 4.259984390310219138e-01
