1.979000000000000000e+03 -8.609691477062518805e-01
1.980000000000000000e+03 1.507764452767993868e+00
1.981000000000000000e+03 5.061915790890489930e-01
1.982000000000000000e+03 -2.387968818565283993e-02
1.983000000000000000e+03 1.167683442159365148e+00
1.984000000000000000e+03 -3.353790861892723130e-01
1.985000000000000000e+03 -1.735780302798709263e-01
1.986000000000000000e+03 -6.305841682188541020e-01
1.987000000000000000e+03 -9.700669946551461198e-01
1.988000000000000000e+03 -4.350278775741033693e-02
1.989000000000000000e+03 3.677880424769878198e-01
1.990000000000000000e+03 2.145227321826257860e+00
1.991000000000000000e+03 -5.205757734384384161e-01
1.992000000000000000e+03 9.006193412495530071e-01
1.993000000000000000e+03 -1.119302958498896494e+00
1.994000000000000000e+03 -8.358605283293751853e-01
1.995000000000000000e+03 -7.967647809661576597e-01
1.996000000000000000e+03 1.668056097345965938e+00
1.997000000000000000e+03 5.423605729916047835e-01
1.998000000000000000e+03 6.367396374864338349e-02
1.999000000000000000e+03 -1.051290961846623295e+00
2.000000000000000000e+03 3.548871347165265949e-02
2.001000000000000000e+03 -1.971368236128481444e+00
2.002000000000000000e+03 1.105646763380596420e+00
2.003000000000000000e+03 -5.069261751666330751e-01
2.004000000000000000e+03 -1.686585063387118000e+00
2.005000000000000000e+03 2.383535012400870845e-01
2.006000000000000000e+03 -5.603958638213722976e-01
2.007000000000000000e+03 -1.859058668021345007e-01
2.008000000000000000e+03 -7.192760969469133014e-01
2.009000000000000000e+03 -1.407441811699426504e+00
2.010000000000000000e+03 1.712971395307087974e-01
2.011000000000000000e+03 1.876383859072919824e+00
2.012000000000000000e+03 -6.966826586409722299e-01
2.013000000000000000e+03 -1.315432780351130981e+00
2.014000000000000000e+03 1.456041495373226802e+00
2.015000000000000000e+03 8.898786606073724181e-01
2.016000000000000000e+03 1.042943866673059938e+00
2.017000000000000000e+03 1.615302530818222282e+00
2.018000000000000000e+03 -1.779163851058494838e+00
2.019000000000000000e+03 8.902319662513593634e-01
