1.979000000000000000e+03 -2.859600254993248658e+00
1.980000000000000000e+03 2.955350862823406533e-01
1.981000000000000000e+03 9.947484063831414647e-02
1.982000000000000000e+03 -4.178991405858794028e-01
1.983000000000000000e+03 -4.913015663786032827e-01
1.984000000000000000e+03 -1.372966578227762913e+00
1.985000000000000000e+03 -1.373270607838020574e+00
1.986000000000000000e+03 -5.422688378503875972e-01
1.987000000000000000e+03 -1.837472646829617862e+00
1.988000000000000000e+03 -4.885257689045144347e-01
1.989000000000000000e+03 6.471576913923020591e-01
1.990000000000000000e+03 1.103980529099075403e+00
1.991000000000000000e+03 -6.955234752675260035e-01
1.992000000000000000e+03 -3.735466841747983047e-01
1.993000000000000000e+03 -2.470943010088398895e-01
1.994000000000000000e+03 -4.694844380791398653e-01
1.995000000000000000e+03 1.462572098054489622e+00
1.996000000000000000e+03 1.114705984979701858e+00
1.997000000000000000e+03 1.771472341388786176e-01
1.998000000000000000e+03 -6.099566113909636877e-01
1.999000000000000000e+03 -8.045148147562799501e-01
2.000000000000000000e+03 8.764907320312054217e-01
2.001000000000000000e+03 -7.522986414551792178e-01
2.002000000000000000e+03 -4.430624349597279132e-01
2.003000000000000000e+03 5.948285701770204131e-02
2.004000000000000000e+03 -6.419327942428654232e-01
2.005000000000000000e+03 1.328466921974724047e+00
2.006000000000000000e+03 8.237055484378983383e-01
2.007000000000000000e+03 1.579648710767943776e+00
2.008000000000000000e+03 6.806380430740602838e-01
2.009000000000000000e+03 -7.121416924379506130e-02
2.010000000000000000e+03 1.678862319587606011e+00
2.011000000000000000e+03 1.867710345030092478e+00
2.012000000000000000e+03 1.709016609646040408e+00
2.013000000000000000e+03 2.314511263204845071e-01
2.014000000000000000e+03 2.458793739479509188e+00
2.015000000000000000e+03 1.730182282181519371e+00
2.016000000000000000e+03 2.828677610135216014e+00
2.017000000000000000e+03 2.372352650886957015e+00
2.018000000000000000e+03 1.851260789578535348e+00
2.019000000000000000e+03 2.337969083472348331e+00
