1.979000000000000000e+03 -5.307474956560174206e-01
1.980000000000000000e+03 2.179521165326685217e-01
1.981000000000000000e+03 1.393693686211487037e+00
1.982000000000000000e+03 2.110617400584793857e-01
1.983000000000000000e+03 -2.999664352938022915e-01
1.984000000000000000e+03 -1.123358203374161812e+00
1.985000000000000000e+03 -1.198647777965909267e+00
1.986000000000000000e+03 -3.886606738368454383e-01
1.987000000000000000e+03 -7.309909098586433451e-01
1.988000000000000000e+03 -8.144971790975293890e-01
1.989000000000000000e+03 5.060403633850710792e-01
1.990000000000000000e+03 2.619861328849291571e+00
1.991000000000000000e+03 -2.471263686593822839e-01
1.992000000000000000e+03 -1.133322908231836346e+00
1.993000000000000000e+03 -1.144963621114325827e-02
1.994000000000000000e+03 1.161633593895881195e-01
1.995000000000000000e+03 3.153334023871831260e+00
1.996000000000000000e+03 3.939007018158408036e-01
1.997000000000000000e+03 6.328118945966669795e-01
1.998000000000000000e+03 5.516980149132246769e-01
1.999000000000000000e+03 -1.344917762227671565e+00
2.000000000000000000e+03 3.275703028837054220e-01
2.001000000000000000e+03 -1.645275486629226736e+00
2.002000000000000000e+03 -1.095161612144589736e+00
2.003000000000000000e+03 1.149028627631227123e-01
2.004000000000000000e+03 -2.466916472510030378e-01
2.005000000000000000e+03 -2.341253948468854096e-01
2.006000000000000000e+03 -1.006388475216472678e+00
2.007000000000000000e+03 2.215943845724566597e+00
2.008000000000000000e+03 -4.353998739875746260e-01
2.009000000000000000e+03 -8.296654026933593107e-01
2.010000000000000000e+03 1.298999814198341207e+00
2.011000000000000000e+03 7.624387086478721931e-02
2.012000000000000000e+03 5.267157281780636413e-02
2.013000000000000000e+03 -2.306740241565899407e-01
2.014000000000000000e+03 8.237574130846873899e-02
2.015000000000000000e+03 -4.835290502463900075e-02
2.016000000000000000e+03 5.628918154551872943e-01
2.017000000000000000e+03 -5.208217293407580994e-01
2.018000000000000000e+03 -7.205972545476408975e-01
2.019000000000000000e+03 3.087221006115466460e-01
