1.979000000000000000e+03 -3.264542789404016876e+00
1.980000000000000000e+03 1.048539007804583978e+00
1.981000000000000000e+03 1.213064458886950608e-01
1.982000000000000000e+03 -1.087099614815316695e-01
1.983000000000000000e+03 -8.570921104915875041e-03
1.984000000000000000e+03 -9.646439634489160087e-01
1.985000000000000000e+03 -9.727266291788688735e-01
1.986000000000000000e+03 -1.764889348723917006e-01
1.987000000000000000e+03 -1.993400938940778078e+00
1.988000000000000000e+03 2.650110395587981782e-02
1.989000000000000000e+03 1.024486114549364224e+00
1.990000000000000000e+03 6.075384797669735049e-01
1.991000000000000000e+03 -7.034950866390312640e-01
1.992000000000000000e+03 1.772969611758474784e-01
1.993000000000000000e+03 -2.392325086960015446e-01
1.994000000000000000e+03 -6.818956207122576219e-01
1.995000000000000000e+03 6.523324426366260420e-01
1.996000000000000000e+03 1.464978525441998691e+00
1.997000000000000000e+03 -1.060866058200892748e-01
1.998000000000000000e+03 -1.291456842883571099e+00
1.999000000000000000e+03 -6.802576679715383046e-01
2.000000000000000000e+03 9.597352110435616313e-01
2.001000000000000000e+03 -5.422973630399892109e-01
2.002000000000000000e+03 -3.987713991495707710e-01
2.003000000000000000e+03 -2.952571072477221947e-01
2.004000000000000000e+03 -1.211854737741951071e+00
2.005000000000000000e+03 1.692190301771934413e+00
2.006000000000000000e+03 1.275908373041049204e+00
2.007000000000000000e+03 7.533855474551569564e-01
2.008000000000000000e+03 6.852699971599631734e-01
2.009000000000000000e+03 -2.906469655743672553e-01
2.010000000000000000e+03 1.224863750616443925e+00
2.011000000000000000e+03 2.074242351836509624e+00
2.012000000000000000e+03 1.802716489173483483e+00
2.013000000000000000e+03 -3.172303459380926283e-01
2.014000000000000000e+03 2.821987282457474322e+00
2.015000000000000000e+03 1.749163011066603657e+00
2.016000000000000000e+03 3.046012234146795006e+00
2.017000000000000000e+03 2.858110159061938660e+00
2.018000000000000000e+03 2.131088721092308624e+00
2.019000000000000000e+03 2.301220075742993920e+00
