1.979000000000000000e+03 -2.049715186171712666e+00
1.980000000000000000e+03 -1.210472756762146274e+00
1.981000000000000000e+03 5.581163013755201241e-02
1.982000000000000000e+03 -1.036277498794575314e+00
1.983000000000000000e+03 -1.456762856925976957e+00
1.984000000000000000e+03 -2.189611807785456499e+00
1.985000000000000000e+03 -2.174358565156323309e+00
1.986000000000000000e+03 -1.273828643806379723e+00
1.987000000000000000e+03 -1.525616062607297208e+00
1.988000000000000000e+03 -1.518579514625303384e+00
1.989000000000000000e+03 -1.074991549218225484e-01
1.990000000000000000e+03 2.096864627763278310e+00
1.991000000000000000e+03 -6.795802525245157044e-01
1.992000000000000000e+03 -1.475233974876089649e+00
1.993000000000000000e+03 -2.628178856345163017e-01
1.994000000000000000e+03 -4.466207281290471287e-02
1.995000000000000000e+03 3.083051408890218337e+00
1.996000000000000000e+03 4.141609040551081367e-01
1.997000000000000000e+03 7.436149140568145688e-01
1.998000000000000000e+03 7.530438515942524669e-01
1.999000000000000000e+03 -1.053029108325763685e+00
2.000000000000000000e+03 7.100017740064934468e-01
2.001000000000000000e+03 -1.172301198285558455e+00
2.002000000000000000e+03 -5.316445065800416980e-01
2.003000000000000000e+03 7.689627855485512420e-01
2.004000000000000000e+03 4.979110927553055399e-01
2.005000000000000000e+03 6.010201623803033133e-01
2.006000000000000000e+03 -8.070010076840374025e-02
2.007000000000000000e+03 3.232175037393515638e+00
2.008000000000000000e+03 6.713741349022546157e-01
2.009000000000000000e+03 3.676514234173500761e-01
2.010000000000000000e+03 2.586859457529930850e+00
2.011000000000000000e+03 1.454646331417256855e+00
2.012000000000000000e+03 1.521616850591156256e+00
2.013000000000000000e+03 1.328814070837639916e+00
2.014000000000000000e+03 1.732406653523578921e+00
2.015000000000000000e+03 1.692220824411351243e+00
2.016000000000000000e+03 2.394008362112057586e+00
2.017000000000000000e+03 1.400837634536992837e+00
2.018000000000000000e+03 1.291604926550989685e+00
2.019000000000000000e+03 2.411467098931057595e+00
