1.979000000000000000e+03 -1.221504413677982681e+00
1.980000000000000000e+03 1.777573913341627065e+00
1.981000000000000000e+03 1.816410926596331965e+00
1.982000000000000000e+03 7.065848665385830729e-02
1.983000000000000000e+03 6.612744770213546674e-01
1.984000000000000000e+03 3.105323406268369890e-01
1.985000000000000000e+03 2.439953140192555880e-01
1.986000000000000000e+03 -1.379405983600841823e-01
1.987000000000000000e+03 -9.603094627190866817e-01
1.988000000000000000e+03 2.880454120082705516e-01
1.989000000000000000e+03 4.476680499139309294e-02
1.990000000000000000e+03 5.044452154933554144e-01
1.991000000000000000e+03 -2.068218871176593365e-01
1.992000000000000000e+03 5.298039959815036525e-03
1.993000000000000000e+03 -3.540801487128099057e-01
1.994000000000000000e+03 -1.057941714380994380e+00
1.995000000000000000e+03 4.470041377477138034e-01
1.996000000000000000e+03 1.042693857082857889e+00
1.997000000000000000e+03 -9.263804388239947896e-01
1.998000000000000000e+03 -1.417862630063481122e+00
1.999000000000000000e+03 -1.406836425331991380e+00
2.000000000000000000e+03 1.070241756165590669e-01
2.001000000000000000e+03 -9.606704252968031321e-01
2.002000000000000000e+03 -1.103932433312943218e+00
2.003000000000000000e+03 -7.306614741781299882e-01
2.004000000000000000e+03 -1.652969691495990157e+00
2.005000000000000000e+03 1.189673468450939353e+00
2.006000000000000000e+03 3.678912056360888472e-01
2.007000000000000000e+03 1.145468883693279705e-01
2.008000000000000000e+03 -2.558399978127705032e-01
2.009000000000000000e+03 -5.080578486780269465e-01
2.010000000000000000e+03 5.548414697708570209e-02
2.011000000000000000e+03 9.124041371952531509e-01
2.012000000000000000e+03 6.056343250604087070e-01
2.013000000000000000e+03 -1.212562205827013129e+00
2.014000000000000000e+03 6.511949793320382929e-01
2.015000000000000000e+03 -6.686792777599238902e-02
2.016000000000000000e+03 1.809133152660478361e+00
2.017000000000000000e+03 1.051741208445171383e+00
2.018000000000000000e+03 5.026158735548933443e-01
2.019000000000000000e+03 -3.988027632751592888e-01
