1.979000000000000000e+03 -3.503166445193992118e+00
1.980000000000000000e+03 2.606378717265669387e+00
1.981000000000000000e+03 1.605601635629544388e+00
1.982000000000000000e+03 1.527755256680499052e+00
1.983000000000000000e+03 3.885853756054195030e-01
1.984000000000000000e+03 -1.683830122172364219e-01
1.985000000000000000e+03 -4.942342310698372154e-01
1.986000000000000000e+03 1.407362463998806490e+00
1.987000000000000000e+03 -2.034863549184967813e+00
1.988000000000000000e+03 9.304914982273194690e-01
1.989000000000000000e+03 2.367285857696597162e+00
1.990000000000000000e+03 -3.919335227007482159e-01
1.991000000000000000e+03 -4.960823917313544884e-01
1.992000000000000000e+03 -3.035782422728823815e-01
1.993000000000000000e+03 7.354002862485764513e-01
1.994000000000000000e+03 -5.812531994367503563e-01
1.995000000000000000e+03 1.900222348414505991e+00
1.996000000000000000e+03 9.128088042298340143e-01
1.997000000000000000e+03 -1.251510765423273774e+00
1.998000000000000000e+03 -3.291449461790570297e+00
1.999000000000000000e+03 -1.101971017854530110e+00
2.000000000000000000e+03 9.433502333741007329e-01
2.001000000000000000e+03 -2.017427966761609626e-01
2.002000000000000000e+03 -3.139590699887695457e+00
2.003000000000000000e+03 -1.467874009020062154e+00
2.004000000000000000e+03 -2.269295213271328659e+00
2.005000000000000000e+03 1.465971469645944492e+00
2.006000000000000000e+03 1.284272145762339390e+00
2.007000000000000000e+03 -2.831483339119756359e-01
2.008000000000000000e+03 -3.389403584087797433e-02
2.009000000000000000e+03 -1.445447078040319022e+00
2.010000000000000000e+03 -1.410494283721244191e-01
2.011000000000000000e+03 -2.952637769574973370e-01
2.012000000000000000e+03 1.586866183947048148e+00
2.013000000000000000e+03 -2.182162196049238556e+00
2.014000000000000000e+03 1.176913953534243218e+00
2.015000000000000000e+03 -5.504565859649355186e-01
2.016000000000000000e+03 1.742291822646466537e+00
2.017000000000000000e+03 6.462441768482974913e-01
2.018000000000000000e+03 2.438782851302461196e+00
2.019000000000000000e+03 -3.823508818931527914e-02
