1.979000000000000000e+03 6.996223518662949559e-01
1.980000000000000000e+03 1.218578569991215721e+00
1.981000000000000000e+03 3.337439565070402292e+00
1.982000000000000000e+03 -1.291900108533272196e+00
1.983000000000000000e+03 4.275546132992794068e-01
1.984000000000000000e+03 1.435359120287019286e+00
1.985000000000000000e+03 1.399798203407474961e+00
1.986000000000000000e+03 -1.190600090860204352e+00
1.987000000000000000e+03 1.240021556828529714e-01
1.988000000000000000e+03 -2.285247444509697773e-02
1.989000000000000000e+03 -2.600773485199406210e+00
1.990000000000000000e+03 -2.399581526454430958e-01
1.991000000000000000e+03 3.961925038168145896e-01
1.992000000000000000e+03 -5.811469790972257909e-01
1.993000000000000000e+03 -6.783377738881098962e-01
1.994000000000000000e+03 -1.756711415376856156e+00
1.995000000000000000e+03 2.375548457947950221e-01
1.996000000000000000e+03 5.472166696727748247e-01
1.997000000000000000e+03 -2.069991124040316155e+00
1.998000000000000000e+03 -1.025812392148517160e+00
1.999000000000000000e+03 -2.067247296294822512e+00
2.000000000000000000e+03 -6.577664199960758795e-01
2.001000000000000000e+03 -7.089002430857658243e-01
2.002000000000000000e+03 -1.277853363431730394e+00
2.003000000000000000e+03 -2.171842383476948191e-01
2.004000000000000000e+03 -1.003028797829524921e+00
2.005000000000000000e+03 1.864695434466787649e+00
2.006000000000000000e+03 3.797973349672986720e-01
2.007000000000000000e+03 8.126948658220952693e-01
2.008000000000000000e+03 -1.434986065052115158e-02
2.009000000000000000e+03 1.328715343705664464e+00
2.010000000000000000e+03 1.362047297726725337e-01
2.011000000000000000e+03 1.156092329470336910e+00
2.012000000000000000e+03 9.267194498751497589e-01
2.013000000000000000e+03 -1.400916410806693768e-01
2.014000000000000000e+03 -6.793705109113552520e-01
2.015000000000000000e+03 -5.400258579704140249e-01
2.016000000000000000e+03 2.642163768661908385e+00
2.017000000000000000e+03 8.936769176689945970e-01
2.018000000000000000e+03 8.482286204207133418e-01
2.019000000000000000e+03 -2.048405167887523248e+00
