1.979000000000000000e+03 9.545593662489754649e+01
1.980000000000000000e+03 6.294889896127258311e+01
1.981000000000000000e+03 6.940817812239664875e+01
1.982000000000000000e+03 -3.869887163203075886e+01
1.983000000000000000e+03 4.366649172051465655e+01
1.984000000000000000e+03 9.386429656370715691e+01
1.985000000000000000e+03 1.253544791910438079e+02
1.986000000000000000e+03 -3.267668062556136732e+01
1.987000000000000000e+03 2.026440465748439976e+02
1.988000000000000000e+03 -7.786673244876109834e+01
1.989000000000000000e+03 8.571270337896778813e+01
1.990000000000000000e+03 -3.105246020595968730e+02
1.991000000000000000e+03 1.136307221530942400e+02
1.992000000000000000e+03 7.214318915551629630e+00
1.993000000000000000e+03 -1.625009200033960326e+02
1.994000000000000000e+03 -1.074086843273575624e+02
1.995000000000000000e+03 -1.012357821720802775e+02
1.996000000000000000e+03 -1.166893868043259062e+02
1.997000000000000000e+03 -4.628986817295288461e+02
1.998000000000000000e+03 -9.457908970038616303e+00
1.999000000000000000e+03 1.230326366679738754e+02
2.000000000000000000e+03 -1.661933615616505051e+02
2.001000000000000000e+03 1.622662969682489518e+02
2.002000000000000000e+03 -1.140555329080299707e+01
2.003000000000000000e+03 2.419221910784524088e+00
2.004000000000000000e+03 5.568604207984827070e+01
2.005000000000000000e+03 1.566055511080271634e+00
2.006000000000000000e+03 1.120760262137982011e+02
2.007000000000000000e+03 -7.082362563156230806e+01
2.008000000000000000e+03 4.480071917693558703e+01
2.009000000000000000e+03 2.064497797599221940e+02
2.010000000000000000e+03 2.185887763479821615e+02
2.011000000000000000e+03 -2.436465900538572669e+02
2.012000000000000000e+03 1.116477631885352935e+02
2.013000000000000000e+03 1.692826025196596973e+01
2.014000000000000000e+03 -3.610739583398392227e+01
2.015000000000000000e+03 -1.177915615140101266e+02
2.016000000000000000e+03 1.389875888268556139e+02
2.017000000000000000e+03 6.753514032904610076e+01
2.018000000000000000e+03 1.508389360038208338e+02
2.019000000000000000e+03 -4.361598674092925876e+01
