1.979000000000000000e+03 1.005836969321908327e+02
1.980000000000000000e+03 6.757248955802607782e+01
1.981000000000000000e+03 7.352759900861035192e+01
1.982000000000000000e+03 -3.508362045635688276e+01
1.983000000000000000e+03 4.677757318564873401e+01
1.984000000000000000e+03 9.647120831830140730e+01
1.985000000000000000e+03 1.274572212350982596e+02
1.986000000000000000e+03 -3.107810829204669645e+01
1.987000000000000000e+03 2.037384491978188237e+02
1.988000000000000000e+03 -7.727649953632605673e+01
1.989000000000000000e+03 8.579876658086303109e+01
1.990000000000000000e+03 -3.109427085682414713e+02
1.991000000000000000e+03 1.127084459339098856e+02
1.992000000000000000e+03 5.787872985827472228e+00
1.993000000000000000e+03 -1.644315356436600268e+02
1.994000000000000000e+03 -1.098434696781613269e+02
1.995000000000000000e+03 -1.041747372334238406e+02
1.996000000000000000e+03 -1.201325115762092679e+02
1.997000000000000000e+03 -4.668459762119519496e+02
1.998000000000000000e+03 -1.390937316300159488e+01
1.999000000000000000e+03 1.180770027644710751e+02
2.000000000000000000e+03 -1.716531651756930899e+02
2.001000000000000000e+03 1.563023236436665684e+02
2.002000000000000000e+03 -1.787369632592519153e+01
2.003000000000000000e+03 -4.553090834877474791e+00
2.004000000000000000e+03 4.820955962364647007e+01
2.005000000000000000e+03 -6.414596655661333635e+00
2.006000000000000000e+03 1.035912043365168103e+02
2.007000000000000000e+03 -7.981261721938351172e+01
2.008000000000000000e+03 3.530755787857457761e+01
2.009000000000000000e+03 1.964524487510213930e+02
2.010000000000000000e+03 2.080872756285415335e+02
2.011000000000000000e+03 -2.546522604838376651e+02
2.012000000000000000e+03 1.001379230480150682e+02
2.013000000000000000e+03 4.914250400905938676e+00
2.014000000000000000e+03 -4.862557539558375908e+01
2.015000000000000000e+03 -1.308139107861497621e+02
2.016000000000000000e+03 1.254610698441761798e+02
2.017000000000000000e+03 5.350445163582684671e+01
2.018000000000000000e+03 1.363040776000617882e+02
2.019000000000000000e+03 -5.865501485522811009e+01
