1.979000000000000000e+03 1.282563474300803819e+02
1.980000000000000000e+03 1.680208687270544203e+02
1.981000000000000000e+03 -6.493510439501524445e+01
1.982000000000000000e+03 7.717724719862641791e+01
1.983000000000000000e+03 1.294225052861426661e+02
1.984000000000000000e+03 1.025819767785619376e+02
1.985000000000000000e+03 1.051000918640922919e+02
1.986000000000000000e+03 1.114831390401674298e+02
1.987000000000000000e+03 -1.598694021503335883e+01
1.988000000000000000e+03 6.356194671541037877e+01
1.989000000000000000e+03 1.450968625707306501e+02
1.990000000000000000e+03 -3.029644279969760419e+02
1.991000000000000000e+03 5.917649098577816602e+01
1.992000000000000000e+03 3.261289412102297547e+01
1.993000000000000000e+03 -2.533918192812283010e+01
1.994000000000000000e+03 1.176101401958408985e+02
1.995000000000000000e+03 3.355084619603650964e+01
1.996000000000000000e+03 1.262057781455334293e+02
1.997000000000000000e+03 -4.576474649784159396e+02
1.998000000000000000e+03 1.209767222398017310e+02
1.999000000000000000e+03 7.823367876342844340e+01
2.000000000000000000e+03 -2.240118270070738760e+01
2.001000000000000000e+03 -9.991982793735584778e+01
2.002000000000000000e+03 -6.322091161561191797e+01
2.003000000000000000e+03 -2.565517941742618824e-01
2.004000000000000000e+03 -1.261910997490170985e+02
2.005000000000000000e+03 1.408965259813806767e+02
2.006000000000000000e+03 -1.012224485287675293e+02
2.007000000000000000e+03 -9.813021934165443838e+01
2.008000000000000000e+03 5.643858288816845459e+01
2.009000000000000000e+03 -1.511901872832391973e+02
2.010000000000000000e+03 2.928011949336727326e+01
2.011000000000000000e+03 2.962202236301261848e+01
2.012000000000000000e+03 8.971345381774372640e+01
2.013000000000000000e+03 -2.177436253831515955e+02
2.014000000000000000e+03 3.145161349289811525e+01
2.015000000000000000e+03 1.176372322895312976e+02
2.016000000000000000e+03 2.251215585809103743e+02
2.017000000000000000e+03 3.237204600576285429e+01
2.018000000000000000e+03 5.654884211439020447e+01
2.019000000000000000e+03 -1.005525866060038425e+02
