1.979000000000000000e+03 7.768004556012922990e+01
1.980000000000000000e+03 1.192899090569030136e+02
1.981000000000000000e+03 -1.118207218653669628e+02
1.982000000000000000e+03 3.213697192807441638e+01
1.983000000000000000e+03 8.622757221539039563e+01
1.984000000000000000e+03 6.123238590760936262e+01
1.985000000000000000e+03 6.559584319293945498e+01
1.986000000000000000e+03 7.382423256881430973e+01
1.987000000000000000e+03 -5.180050448658676032e+01
1.988000000000000000e+03 2.959372464365669941e+01
1.989000000000000000e+03 1.129739826987766804e+02
1.990000000000000000e+03 -3.332419656691301952e+02
1.991000000000000000e+03 3.074429551342364064e+01
1.992000000000000000e+03 6.026040848468170452e+00
1.993000000000000000e+03 -5.008069300087792897e+01
1.994000000000000000e+03 9.471397132288551290e+01
1.995000000000000000e+03 1.250001952288085505e+01
1.996000000000000000e+03 1.070002936721775058e+02
1.997000000000000000e+03 -4.750076072519722175e+02
1.998000000000000000e+03 1.054619221660452411e+02
1.999000000000000000e+03 6.456422088947167026e+01
2.000000000000000000e+03 -3.422529837486445103e+01
2.001000000000000000e+03 -1.098986014117132015e+02
2.002000000000000000e+03 -7.135434289016953358e+01
2.003000000000000000e+03 -6.544640868932162014e+00
2.004000000000000000e+03 -1.306338466239752734e+02
2.005000000000000000e+03 1.382991213062222187e+02
2.006000000000000000e+03 -1.019745110041262848e+02
2.007000000000000000e+03 -9.703693961721346284e+01
2.008000000000000000e+03 5.937720481240915404e+01
2.009000000000000000e+03 -1.464062231591987597e+02
2.010000000000000000e+03 3.590942581720740634e+01
2.011000000000000000e+03 3.809667088665246126e+01
2.012000000000000000e+03 1.000334445411832860e+02
2.013000000000000000e+03 -2.055782924599123191e+02
2.014000000000000000e+03 4.546228861593711912e+01
2.015000000000000000e+03 1.334932496123700503e+02
2.016000000000000000e+03 2.428229181035488580e+02
2.017000000000000000e+03 5.191874772820101924e+01
2.018000000000000000e+03 7.794088603662808623e+01
2.019000000000000000e+03 -7.731520048396623679e+01
