1.979000000000000000e+03 6.253085816962578036e+01
1.980000000000000000e+03 4.729430492999522784e+01
1.981000000000000000e+03 5.473553075470425000e+01
1.982000000000000000e+03 6.766783503113749099e+00
1.983000000000000000e+03 -3.470555751146149959e+01
1.984000000000000000e+03 1.443488294185416621e+01
1.985000000000000000e+03 1.826500848375301302e+02
1.986000000000000000e+03 -2.817712025965381528e+01
1.987000000000000000e+03 1.640614852587600865e+02
1.988000000000000000e+03 -3.217175636846081233e+01
1.989000000000000000e+03 -9.869645574676214039e+01
1.990000000000000000e+03 -1.780163847136984714e+02
1.991000000000000000e+03 7.434268121134324758e+01
1.992000000000000000e+03 -1.605659921751265529e+01
1.993000000000000000e+03 -1.884378424981439935e+02
1.994000000000000000e+03 -4.758489207349679617e+01
1.995000000000000000e+03 -9.000448930338144748e+01
1.996000000000000000e+03 -1.075265961744836289e+02
1.997000000000000000e+03 -1.705341414641887638e+02
1.998000000000000000e+03 2.137871303722642224e+01
1.999000000000000000e+03 9.252836494814324908e+01
2.000000000000000000e+03 -1.493773190391029289e+02
2.001000000000000000e+03 1.161660213500514942e+02
2.002000000000000000e+03 2.151073285168495630e+01
2.003000000000000000e+03 1.025381759550473504e+01
2.004000000000000000e+03 1.570769348458451873e+02
2.005000000000000000e+03 -5.828077623886021996e+01
2.006000000000000000e+03 1.464505752278317914e+02
2.007000000000000000e+03 -7.532504049584342454e+01
2.008000000000000000e+03 -6.124269719241810606e+01
2.009000000000000000e+03 1.405350697624814700e+02
2.010000000000000000e+03 1.286023353140600136e+02
2.011000000000000000e+03 -1.539128374319618615e+02
2.012000000000000000e+03 2.995846290769456388e+01
2.013000000000000000e+03 1.293349133495664205e+02
2.014000000000000000e+03 -6.100771142706639694e+01
2.015000000000000000e+03 -1.271909972521480796e+02
2.016000000000000000e+03 -3.966991911237575774e+00
2.017000000000000000e+03 -1.837651924407254445e+00
2.018000000000000000e+03 4.812097741585461108e+01
2.019000000000000000e+03 3.532032803141830613e+01
