1.979000000000000000e+03 9.160082563273000744e+01
1.980000000000000000e+03 5.670052356221970769e+01
1.981000000000000000e+03 -6.074325807028472468e+01
1.982000000000000000e+03 7.189079568345310634e+01
1.983000000000000000e+03 -1.352190187736048017e+02
1.984000000000000000e+03 -1.035426796581625837e+02
1.985000000000000000e+03 3.333494632517981699e+02
1.986000000000000000e+03 1.906629440276969589e+01
1.987000000000000000e+03 8.723217008817023554e+01
1.988000000000000000e+03 1.317245390058703336e+01
1.989000000000000000e+03 -2.628796587224250629e+02
1.990000000000000000e+03 -8.635998274316278867e+01
1.991000000000000000e+03 1.770384763475305689e+01
1.992000000000000000e+03 -3.213716488517700753e+01
1.993000000000000000e+03 -2.451863331510691637e+02
1.994000000000000000e+03 9.914959765897056343e+01
1.995000000000000000e+03 -4.009428377062078397e+01
1.996000000000000000e+03 -6.870780041871543631e+01
1.997000000000000000e+03 -1.804641163284849625e+01
1.998000000000000000e+03 1.831928163035942987e+02
1.999000000000000000e+03 8.508440080035840936e+01
2.000000000000000000e+03 -1.830656771487993524e+02
2.001000000000000000e+03 -6.605094514781443493e+00
2.002000000000000000e+03 8.017596125647823158e+01
2.003000000000000000e+03 3.857135103959704026e+01
2.004000000000000000e+03 2.476178843630927418e+02
2.005000000000000000e+03 -1.077382931016024656e+02
2.006000000000000000e+03 1.248888750274099095e+02
2.007000000000000000e+03 -1.467170439952733147e+02
2.008000000000000000e+03 -1.412068369632346787e+02
2.009000000000000000e+03 -2.299855636189612795e+01
2.010000000000000000e+03 2.133554178181564964e+01
2.011000000000000000e+03 1.584296205679166236e-01
2.012000000000000000e+03 -3.354465787362790508e+01
2.013000000000000000e+03 2.056092055136137162e+02
2.014000000000000000e+03 -5.277833863557539473e+01
2.015000000000000000e+03 -2.978772617162386638e+01
2.016000000000000000e+03 -6.384954507969027304e+01
2.017000000000000000e+03 -5.445042627097786436e+01
2.018000000000000000e+03 -2.553326153402544918e+01
2.019000000000000000e+03 1.446916119551994768e+02
