1.979000000000000000e+03 6.687613663645167605e+01
1.980000000000000000e+03 7.397522385324020888e+01
1.981000000000000000e+03 1.466117311878731755e+02
1.982000000000000000e+03 -9.804084798248160837e+01
1.983000000000000000e+03 7.502273558562032463e+01
1.984000000000000000e+03 1.703375141557908989e+02
1.985000000000000000e+03 1.733931460288827253e+01
1.986000000000000000e+03 -1.055759617879887742e+02
1.987000000000000000e+03 1.119981281146773426e+02
1.988000000000000000e+03 -4.586644379697253271e+01
1.989000000000000000e+03 8.859989165797283306e+01
1.990000000000000000e+03 -2.710435502131985004e+02
1.991000000000000000e+03 5.849743603522151858e+01
1.992000000000000000e+03 -2.786198273630052924e+01
1.993000000000000000e+03 -1.703497827072883695e+02
1.994000000000000000e+03 -1.980850022235693757e+02
1.995000000000000000e+03 -1.795021265566448108e+02
1.996000000000000000e+03 -5.759520576835824812e+01
1.997000000000000000e+03 -2.727402092040977664e+02
1.998000000000000000e+03 -2.980784425657285297e+01
1.999000000000000000e+03 2.232940078033695954e+02
2.000000000000000000e+03 -5.436151719600189836e+01
2.001000000000000000e+03 1.542499773613427578e+02
2.002000000000000000e+03 5.758025489061752467e+01
2.003000000000000000e+03 -5.103456477574409789e+00
2.004000000000000000e+03 4.026751633477019254e+01
2.005000000000000000e+03 5.555419822336736502e+01
2.006000000000000000e+03 1.235357480986711920e+02
2.007000000000000000e+03 -5.042101554347737391e+01
2.008000000000000000e+03 4.271349273831419424e+01
2.009000000000000000e+03 1.473222176015608795e+02
2.010000000000000000e+03 1.019237723801584252e+02
2.011000000000000000e+03 -2.407398797010781095e+02
2.012000000000000000e+03 3.827616818765097406e+01
2.013000000000000000e+03 5.524795799675063535e+01
2.014000000000000000e+03 -8.609161121108498094e+01
2.015000000000000000e+03 -1.758212172916553868e+02
2.016000000000000000e+03 1.488660967940628552e+02
2.017000000000000000e+03 4.140215893315836126e+01
2.018000000000000000e+03 1.038155291842914494e+02
2.019000000000000000e+03 -7.429955370347717292e+01
