1.979000000000000000e+03 7.619616521410858923e+01
1.980000000000000000e+03 8.338035917032415512e+01
1.981000000000000000e+03 -5.951097823962135891e+01
1.982000000000000000e+03 -1.969284608184279861e+01
1.983000000000000000e+03 6.399889858847457447e+01
1.984000000000000000e+03 4.783524025238860133e+01
1.985000000000000000e+03 2.783353357193825417e+01
1.986000000000000000e+03 1.752466018924491209e+01
1.987000000000000000e+03 -7.488006609950381254e+00
1.988000000000000000e+03 -2.915716928465907287e+01
1.989000000000000000e+03 1.038730726945291565e+02
1.990000000000000000e+03 -2.276419840765860272e+02
1.991000000000000000e+03 2.271583097410632135e+00
1.992000000000000000e+03 -2.749744276276005195e+01
1.993000000000000000e+03 -4.258698757711741223e+01
1.994000000000000000e+03 2.531323221611225804e+01
1.995000000000000000e+03 4.500498964576582495e+01
1.996000000000000000e+03 8.126630497917680884e+01
1.997000000000000000e+03 -2.905811860369882424e+02
1.998000000000000000e+03 6.052662057160874554e+01
1.999000000000000000e+03 7.496130652481923562e+01
2.000000000000000000e+03 -2.091522780827967054e+01
2.001000000000000000e+03 -5.076885526990076869e+01
2.002000000000000000e+03 -3.836792576416927858e+01
2.003000000000000000e+03 -9.181407817065958099e+00
2.004000000000000000e+03 -3.866762357644597614e+01
2.005000000000000000e+03 7.686230429707987355e+01
2.006000000000000000e+03 -3.698635093696198339e+01
2.007000000000000000e+03 -5.845501734691438145e+01
2.008000000000000000e+03 5.184105681313113223e+01
2.009000000000000000e+03 -8.419130164828217744e+01
2.010000000000000000e+03 5.786479397283507353e+01
2.011000000000000000e+03 -2.508699144060027564e+01
2.012000000000000000e+03 7.635007705482313156e+01
2.013000000000000000e+03 -1.150329826693771764e+02
2.014000000000000000e+03 -5.180104899551245268e+01
2.015000000000000000e+03 4.630657887111922832e+01
2.016000000000000000e+03 1.733346908161895499e+02
2.017000000000000000e+03 1.707091931924515649e+01
2.018000000000000000e+03 6.651705916520489836e+01
2.019000000000000000e+03 -4.252211308249432875e+01
