1.979000000000000000e+03 4.121417944042831039e+01
1.980000000000000000e+03 4.104026178569652927e+01
1.981000000000000000e+03 4.103343926058202129e+01
1.982000000000000000e+03 -3.683947828033811334e+01
1.983000000000000000e+03 1.965650399020187677e+01
1.984000000000000000e+03 5.388474886899825123e+01
1.985000000000000000e+03 7.083647114386063492e+01
1.986000000000000000e+03 -3.763149855522141962e+01
1.987000000000000000e+03 1.245820630443173371e+02
1.988000000000000000e+03 -5.315319050262190359e+01
1.989000000000000000e+03 1.771736522913365874e+01
1.990000000000000000e+03 -2.299130044119383456e+02
1.991000000000000000e+03 6.543044402112042235e+01
1.992000000000000000e+03 -1.724370394515887028e+01
1.993000000000000000e+03 -1.226039358326218291e+02
1.994000000000000000e+03 -7.286175217092116441e+01
1.995000000000000000e+03 -6.126833287173402454e+01
1.996000000000000000e+03 -5.613102550634423693e+01
1.997000000000000000e+03 -2.589403938207364604e+02
1.998000000000000000e+03 -1.603687618594647191e+01
1.999000000000000000e+03 9.366161311977596426e+01
2.000000000000000000e+03 -8.978508608612715136e+01
2.001000000000000000e+03 1.080213211804711193e+02
2.002000000000000000e+03 -1.039287249708137750e+01
2.003000000000000000e+03 2.981725210723388475e+00
2.004000000000000000e+03 7.132839634276206198e+01
2.005000000000000000e+03 1.396719061345383039e+01
2.006000000000000000e+03 1.042410712017845498e+02
2.007000000000000000e+03 -3.312099007499025305e+01
2.008000000000000000e+03 1.692444584709416588e+01
2.009000000000000000e+03 1.349898033570665916e+02
2.010000000000000000e+03 1.566655383104370571e+02
2.011000000000000000e+03 -1.454067219436572032e+02
2.012000000000000000e+03 8.454576730186245470e+01
2.013000000000000000e+03 4.144438028257714990e+01
2.014000000000000000e+03 -4.065728164371428477e+01
2.015000000000000000e+03 -8.076709209191243133e+01
2.016000000000000000e+03 9.718802710936712685e+01
2.017000000000000000e+03 4.513087390363532592e+01
2.018000000000000000e+03 1.029669651895564186e+02
2.019000000000000000e+03 -1.887229197864482844e+00
