1.979000000000000000e+03 2.911561223969563272e+01
1.980000000000000000e+03 1.120716737452576162e+01
1.981000000000000000e+03 7.833811914652430630e+01
1.982000000000000000e+03 4.645040280836976621e+01
1.983000000000000000e+03 -4.392038934640000036e+01
1.984000000000000000e+03 -2.349018567206583441e+01
1.985000000000000000e+03 1.972614766579038985e+02
1.986000000000000000e+03 1.978306606257597133e+00
1.987000000000000000e+03 2.929541575734327239e+02
1.988000000000000000e+03 -6.382127920899692697e+01
1.989000000000000000e+03 -1.218096001758341629e+02
1.990000000000000000e+03 -1.766456211847340683e+02
1.991000000000000000e+03 1.468267599640551566e+02
1.992000000000000000e+03 1.182934996893960466e+01
1.993000000000000000e+03 -1.497774116360745040e+02
1.994000000000000000e+03 -4.381927165589161888e+01
1.995000000000000000e+03 -5.041705758287876904e+01
1.996000000000000000e+03 -1.962767823363772948e+02
1.997000000000000000e+03 -2.208158035556199081e+02
1.998000000000000000e+03 -8.924883293534217898e+01
1.999000000000000000e+03 -3.079331375929821846e+01
2.000000000000000000e+03 -2.107047627725075927e+02
2.001000000000000000e+03 2.008531812035932376e+02
2.002000000000000000e+03 -7.322401759204090865e+01
2.003000000000000000e+03 -2.706441775508429348e+00
2.004000000000000000e+03 1.833454038396726844e+02
2.005000000000000000e+03 -1.226582338383455522e+02
2.006000000000000000e+03 1.909271025574142868e+02
2.007000000000000000e+03 -2.883706194877951745e+01
2.008000000000000000e+03 -8.523474735233389765e+01
2.009000000000000000e+03 2.972815480477796655e+02
2.010000000000000000e+03 2.625476917802059234e+02
2.011000000000000000e+03 -2.211570622153754186e+02
2.012000000000000000e+03 8.514387840906066174e+01
2.013000000000000000e+03 1.271475765383349454e+02
2.014000000000000000e+03 -4.415318443453885067e+01
2.015000000000000000e+03 -1.759640482931650070e+02
2.016000000000000000e+03 -9.691752744808526643e+01
2.017000000000000000e+03 7.535311564597753531e+00
2.018000000000000000e+03 6.608066459729784015e+01
2.019000000000000000e+03 3.556892584253257183e+01
