1.979000000000000000e+03 4.799587443807362774e+01
1.980000000000000000e+03 4.259119561388298791e+01
1.981000000000000000e+03 1.124749251671987622e+02
1.982000000000000000e+03 -2.579522258705591398e+01
1.983000000000000000e+03 1.555117311961016036e+01
1.984000000000000000e+03 7.342366424186252516e+01
1.985000000000000000e+03 1.073003956303960820e+02
1.986000000000000000e+03 -5.179882759086557797e+01
1.987000000000000000e+03 2.024761428440550048e+02
1.988000000000000000e+03 -5.484386150298472273e+01
1.989000000000000000e+03 -1.660485425893066491e+01
1.990000000000000000e+03 -2.238445856989663127e+02
1.991000000000000000e+03 1.026620979996383340e+02
1.992000000000000000e+03 -8.016316383680472057e+00
1.993000000000000000e+03 -1.600635971716814367e+02
1.994000000000000000e+03 -1.209521369397304937e+02
1.995000000000000000e+03 -1.149595920697617970e+02
1.996000000000000000e+03 -1.269359940523677608e+02
1.997000000000000000e+03 -2.467780063798587946e+02
1.998000000000000000e+03 -5.952833859595750710e+01
1.999000000000000000e+03 9.625034702203566894e+01
2.000000000000000000e+03 -1.325331399842547455e+02
2.001000000000000000e+03 1.775515792824679977e+02
2.002000000000000000e+03 -7.821881350711683112e+00
2.003000000000000000e+03 -3.904949126541415350e+00
2.004000000000000000e+03 1.118064600872214385e+02
2.005000000000000000e+03 -3.355201780748907936e+01
2.006000000000000000e+03 1.572314253280427465e+02
2.007000000000000000e+03 -3.962903874612845101e+01
2.008000000000000000e+03 -2.126062730700984105e+01
2.009000000000000000e+03 2.223018828246702867e+02
2.010000000000000000e+03 1.822357320801821459e+02
2.011000000000000000e+03 -2.309484709582268067e+02
2.012000000000000000e+03 6.171002329835581435e+01
2.013000000000000000e+03 9.119776726754280105e+01
2.014000000000000000e+03 -6.512239782281191935e+01
2.015000000000000000e+03 -1.758926327924102111e+02
2.016000000000000000e+03 2.597428467298877663e+01
2.017000000000000000e+03 2.446873524887807250e+01
2.018000000000000000e+03 8.494809689079463055e+01
2.019000000000000000e+03 -1.936531393047229344e+01
