1.979000000000000000e+03 6.845542852915302490e+01
1.980000000000000000e+03 7.536083544876431972e+01
1.981000000000000000e+03 1.478036624862200767e+02
1.982000000000000000e+03 -9.704259698131193090e+01
1.983000000000000000e+03 7.582730628961274988e+01
1.984000000000000000e+03 1.709484045626060720e+02
1.985000000000000000e+03 1.775652471252622888e+01
1.986000000000000000e+03 -1.053524319755280345e+02
1.987000000000000000e+03 1.120279776299608301e+02
1.988000000000000000e+03 -4.603027457886626195e+01
1.989000000000000000e+03 8.824238057890188713e+01
1.990000000000000000e+03 -2.715947415894467554e+02
1.991000000000000000e+03 5.775256436179609665e+01
1.992000000000000000e+03 -2.880053470690319273e+01
1.993000000000000000e+03 -1.714820149750682674e+02
1.994000000000000000e+03 -1.994109147885265259e+02
1.995000000000000000e+03 -1.810217194187791563e+02
1.996000000000000000e+03 -5.930847892766985296e+01
1.997000000000000000e+03 -2.746471626605865595e+02
1.998000000000000000e+03 -3.190847801023891606e+01
1.999000000000000000e+03 2.209996937525263547e+02
2.000000000000000000e+03 -5.684951154402241968e+01
2.001000000000000000e+03 1.515683027161450127e+02
2.002000000000000000e+03 5.470489994824254154e+01
2.003000000000000000e+03 -8.172491717126632693e+00
2.004000000000000000e+03 3.700480079804073341e+01
2.005000000000000000e+03 5.209780238946068209e+01
2.006000000000000000e+03 1.198856719675872569e+02
2.007000000000000000e+03 -5.426477197173853284e+01
2.008000000000000000e+03 3.867605601287580441e+01
2.009000000000000000e+03 1.430911005789452588e+02
2.010000000000000000e+03 9.749897506036558070e+01
2.011000000000000000e+03 -2.453583573180482063e+02
2.012000000000000000e+03 3.346401027350366064e+01
2.013000000000000000e+03 5.024211978542608392e+01
2.014000000000000000e+03 -9.129112971958676326e+01
2.015000000000000000e+03 -1.812144160973343787e+02
2.016000000000000000e+03 1.432792176912065827e+02
2.017000000000000000e+03 3.562159953312488625e+01
2.018000000000000000e+03 9.784128948708074347e+01
2.019000000000000000e+03 -8.046747369786511683e+01
