1.979000000000000000e+03 9.544499100655453105e+01
1.980000000000000000e+03 1.020781706994360718e+02
1.981000000000000000e+03 -4.136418097384350290e+01
1.982000000000000000e+03 -2.097063079398966856e+00
1.983000000000000000e+03 8.104366732758437308e+01
1.984000000000000000e+03 6.432899472816436059e+01
1.985000000000000000e+03 4.377627378437997407e+01
1.986000000000000000e+03 3.291638613835259264e+01
1.987000000000000000e+03 7.352705075823264380e+00
1.988000000000000000e+03 -1.486747186221946215e+01
1.989000000000000000e+03 1.176117558536347190e+02
1.990000000000000000e+03 -2.144543151808144898e+02
1.991000000000000000e+03 1.490823772984813544e+01
1.992000000000000000e+03 -1.541180239365658799e+01
1.993000000000000000e+03 -3.105236147134797520e+01
1.994000000000000000e+03 3.629684405854765572e+01
1.995000000000000000e+03 5.543758722486719392e+01
1.996000000000000000e+03 9.114788829494412425e+01
1.997000000000000000e+03 -2.812506169845548811e+02
1.998000000000000000e+03 6.930617536070801066e+01
1.999000000000000000e+03 8.318984705058444717e+01
2.000000000000000000e+03 -1.323770154584849479e+01
2.001000000000000000e+03 -4.364234327080362164e+01
2.002000000000000000e+03 -3.179242802840617799e+01
2.003000000000000000e+03 -3.156924344636887092e+00
2.004000000000000000e+03 -3.319415436735094715e+01
2.005000000000000000e+03 8.178475924284086318e+01
2.006000000000000000e+03 -3.261491025453501891e+01
2.007000000000000000e+03 -5.463459092782146342e+01
2.008000000000000000e+03 5.511046896889001800e+01
2.009000000000000000e+03 -8.147290375585733102e+01
2.010000000000000000e+03 6.003217760192588059e+01
2.011000000000000000e+03 -2.347062207484349727e+01
2.012000000000000000e+03 7.741543215724587412e+01
2.013000000000000000e+03 -1.145186418302884732e+02
2.014000000000000000e+03 -5.183772241975776751e+01
2.015000000000000000e+03 4.571889118353985282e+01
2.016000000000000000e+03 1.721959888652761208e+02
2.017000000000000000e+03 1.538120310499771293e+01
2.018000000000000000e+03 6.427632868762343321e+01
2.019000000000000000e+03 -4.531385782340984036e+01
