1.979000000000000000e+03 5.739597136341861727e+01
1.980000000000000000e+03 5.618758346603004128e+01
1.981000000000000000e+03 5.514629069825873131e+01
1.982000000000000000e+03 -2.376109708531821596e+01
1.983000000000000000e+03 3.170041494256497216e+01
1.984000000000000000e+03 6.489418957870454108e+01
1.985000000000000000e+03 8.081144161091013700e+01
1.986000000000000000e+03 -2.869099833082874085e+01
1.987000000000000000e+03 1.324880930260532068e+02
1.988000000000000000e+03 -4.628163076354282879e+01
1.989000000000000000e+03 2.355445472555593156e+01
1.990000000000000000e+03 -2.251103851581729032e+02
1.991000000000000000e+03 6.919859303222908409e+01
1.992000000000000000e+03 -1.451002517670700875e+01
1.993000000000000000e+03 -1.209047273068267714e+02
1.994000000000000000e+03 -7.219701388778290152e+01
1.995000000000000000e+03 -6.163806483125257074e+01
1.996000000000000000e+03 -5.753522770851959933e+01
1.997000000000000000e+03 -2.613790662655686106e+02
1.998000000000000000e+03 -1.951001887343542762e+01
1.999000000000000000e+03 8.915400018963021012e+01
2.000000000000000000e+03 -9.532716925892970039e+01
2.001000000000000000e+03 1.014447677650117754e+02
2.002000000000000000e+03 -1.800389615519754827e+01
2.003000000000000000e+03 -5.663768690049584720e+00
2.004000000000000000e+03 6.164843219933228369e+01
2.005000000000000000e+03 3.252756227367247455e+00
2.006000000000000000e+03 9.249216657304116040e+01
2.007000000000000000e+03 -4.590436494639044440e+01
2.008000000000000000e+03 3.106600733037172990e+00
2.009000000000000000e+03 1.201374880003527892e+02
2.010000000000000000e+03 1.407787527110664882e+02
2.011000000000000000e+03 -1.623279777856845669e+02
2.012000000000000000e+03 6.659004121717825342e+01
2.013000000000000000e+03 2.245418395523613242e+01
2.014000000000000000e+03 -6.068194821371209713e+01
2.015000000000000000e+03 -1.018262289045670457e+02
2.016000000000000000e+03 7.509442005405567500e+01
2.017000000000000000e+03 2.200279660566709694e+01
2.018000000000000000e+03 7.880441764893139123e+01
2.019000000000000000e+03 -2.708424698114631468e+01
