1.979000000000000000e+03 3.220703311187254614e-01
1.980000000000000000e+03 2.187987877337000675e-01
1.981000000000000000e+03 -8.077399291675750881e-01
1.982000000000000000e+03 6.055310587696343116e-01
1.983000000000000000e+03 1.040110621294557225e+00
1.984000000000000000e+03 -4.457241761494375454e-01
1.985000000000000000e+03 -8.257948431242657650e-01
1.986000000000000000e+03 -3.745827102498403560e-01
1.987000000000000000e+03 8.203605150069185337e-01
1.988000000000000000e+03 -3.617846080893943328e-01
1.989000000000000000e+03 -1.207499258695545308e+00
1.990000000000000000e+03 2.650662165116772773e-01
1.991000000000000000e+03 2.015852507740018840e-01
1.992000000000000000e+03 1.159635765984921463e+00
1.993000000000000000e+03 6.200653588925835180e-01
1.994000000000000000e+03 2.175363343633202398e-02
1.995000000000000000e+03 2.007765119039955082e-01
1.996000000000000000e+03 -5.004172743397170553e-01
1.997000000000000000e+03 1.584546619279431912e-01
1.998000000000000000e+03 8.871717439752037082e-01
1.999000000000000000e+03 -8.992373263428149466e-01
2.000000000000000000e+03 -6.581275359034425287e-01
2.001000000000000000e+03 -1.030527680613800567e-01
2.002000000000000000e+03 4.926422463014239195e-02
2.003000000000000000e+03 -7.522072987638717123e-02
2.004000000000000000e+03 -7.924346886117530908e-02
2.005000000000000000e+03 1.708798326987533422e-01
2.006000000000000000e+03 -2.798471326169313378e-01
2.007000000000000000e+03 -2.082733671699121825e-01
2.008000000000000000e+03 -9.815990531527868379e-01
2.009000000000000000e+03 -3.071671168118473849e-01
2.010000000000000000e+03 5.157187929807177662e-01
2.011000000000000000e+03 -7.174974732398445854e-01
2.012000000000000000e+03 -4.281277846182008906e-01
2.013000000000000000e+03 -1.267409741964174164e-01
2.014000000000000000e+03 1.413668303128143844e-01
2.015000000000000000e+03 6.749507278288858769e-01
2.016000000000000000e+03 9.815966674580044460e-01
2.017000000000000000e+03 2.395429729592332135e-01
2.018000000000000000e+03 -5.373914820994938335e-01
2.019000000000000000e+03 6.303685065676646326e-01
