1.979000000000000000e+03 2.102091179140052057e-01
1.980000000000000000e+03 2.405366549833742040e-01
1.981000000000000000e+03 -9.309684148144747873e-01
1.982000000000000000e+03 2.017306370500591417e-01
1.983000000000000000e+03 1.582378335825566307e+00
1.984000000000000000e+03 -5.237641498006125884e-01
1.985000000000000000e+03 -7.791512723199534030e-01
1.986000000000000000e+03 -5.655251427022657262e-01
1.987000000000000000e+03 1.020925450073409735e+00
1.988000000000000000e+03 4.068894310887680166e-02
1.989000000000000000e+03 -1.252490012927247598e+00
1.990000000000000000e+03 8.850345856128674638e-02
1.991000000000000000e+03 1.394617994944802042e-01
1.992000000000000000e+03 1.405067624586262776e+00
1.993000000000000000e+03 4.491123941418831977e-01
1.994000000000000000e+03 4.774246891354577693e-02
1.995000000000000000e+03 4.447934204385782797e-01
1.996000000000000000e+03 -6.917947853779404799e-01
1.997000000000000000e+03 -1.565327233555171282e-01
1.998000000000000000e+03 1.545261268155253997e+00
1.999000000000000000e+03 -1.045765324253045803e+00
2.000000000000000000e+03 -1.044766253118726063e+00
2.001000000000000000e+03 -3.667004764970600017e-01
2.002000000000000000e+03 1.135708892563633554e-01
2.003000000000000000e+03 3.670581491449167455e-01
2.004000000000000000e+03 -3.960474420874535162e-02
2.005000000000000000e+03 2.377361010557691723e-01
2.006000000000000000e+03 -5.304786862859340868e-01
2.007000000000000000e+03 -2.809198087822304887e-02
2.008000000000000000e+03 -1.294328941557431278e+00
2.009000000000000000e+03 -4.713355173168349843e-01
2.010000000000000000e+03 8.972201840772976444e-01
2.011000000000000000e+03 -9.415977571585392170e-01
2.012000000000000000e+03 -5.463510971844420805e-01
2.013000000000000000e+03 -1.037651580014894437e-01
2.014000000000000000e+03 -9.659691306870618610e-02
2.015000000000000000e+03 5.831766652013375962e-01
2.016000000000000000e+03 1.530379351812408917e+00
2.017000000000000000e+03 1.724069855304633248e-01
2.018000000000000000e+03 -6.304912157122737337e-01
2.019000000000000000e+03 7.221406672143237948e-01
