1.979000000000000000e+03 7.713659606096995303e-02
1.980000000000000000e+03 3.319579696741168928e-01
1.981000000000000000e+03 -1.032462295858192824e+00
1.982000000000000000e+03 -8.552303747473681550e-02
1.983000000000000000e+03 2.102460055350524826e+00
1.984000000000000000e+03 -6.002911127519942047e-01
1.985000000000000000e+03 -8.588681774097440824e-01
1.986000000000000000e+03 -7.395591241041713504e-01
1.987000000000000000e+03 1.189966761201357581e+00
1.988000000000000000e+03 4.102711844746435021e-01
1.989000000000000000e+03 -1.514347488958925902e+00
1.990000000000000000e+03 -2.179158404050062295e-02
1.991000000000000000e+03 2.441060034280586044e-01
1.992000000000000000e+03 1.589201726978397788e+00
1.993000000000000000e+03 3.503413507697566986e-01
1.994000000000000000e+03 -3.867319777403887496e-03
1.995000000000000000e+03 6.578388231153527999e-01
1.996000000000000000e+03 -7.870816411892460618e-01
1.997000000000000000e+03 -4.285634751656504093e-01
1.998000000000000000e+03 2.111353018464698028e+00
1.999000000000000000e+03 -1.314620034505279866e+00
2.000000000000000000e+03 -1.428742836933659888e+00
2.001000000000000000e+03 -5.326925792326933085e-01
2.002000000000000000e+03 8.668454701794746364e-02
2.003000000000000000e+03 7.589264808818665387e-01
2.004000000000000000e+03 2.186547295822485748e-02
2.005000000000000000e+03 3.592338231253551784e-01
2.006000000000000000e+03 -6.862724176111041352e-01
2.007000000000000000e+03 2.992274801707025533e-01
2.008000000000000000e+03 -1.516845804466494307e+00
2.009000000000000000e+03 -6.696877599490780320e-01
2.010000000000000000e+03 1.234863740576492841e+00
2.011000000000000000e+03 -1.228000065203300739e+00
2.012000000000000000e+03 -7.248852524153284183e-01
2.013000000000000000e+03 -1.482653092713201726e-01
2.014000000000000000e+03 -2.163707414261981654e-01
2.015000000000000000e+03 5.671061036912395936e-01
2.016000000000000000e+03 2.017059666248223859e+00
2.017000000000000000e+03 2.837858702577484432e-02
2.018000000000000000e+03 -6.453830916576769328e-01
2.019000000000000000e+03 7.461417581889958628e-01
