1.979000000000000000e+03 -7.714723444038032452e-02
1.980000000000000000e+03 4.930627318059260800e-01
1.981000000000000000e+03 -1.112221572298723649e+00
1.982000000000000000e+03 -2.562299648047657308e-01
1.983000000000000000e+03 2.600355779869435224e+00
1.984000000000000000e+03 -6.753050650035794522e-01
1.985000000000000000e+03 -1.064945558393637359e+00
1.986000000000000000e+03 -8.966846544555566734e-01
1.987000000000000000e+03 1.327484448390766847e+00
1.988000000000000000e+03 7.469621160079019662e-01
1.989000000000000000e+03 -1.993071686790583996e+00
1.990000000000000000e+03 -6.581891129368512561e-02
1.991000000000000000e+03 5.155178625747475207e-01
1.992000000000000000e+03 1.712038073161326057e+00
1.993000000000000000e+03 3.237522287761989137e-01
1.994000000000000000e+03 -1.330757326365138715e-01
1.995000000000000000e+03 8.399127199343173755e-01
1.996000000000000000e+03 -7.862778417736354664e-01
1.997000000000000000e+03 -6.576375935024603159e-01
1.998000000000000000e+03 2.585446994903530804e+00
1.999000000000000000e+03 -1.705801457099523910e+00
2.000000000000000000e+03 -1.810057287348244781e+00
2.001000000000000000e+03 -6.010290762682789500e-01
2.002000000000000000e+03 -3.139480208510276454e-02
2.003000000000000000e+03 1.100384265334461986e+00
2.004000000000000000e+03 1.051671826397385379e-01
2.005000000000000000e+03 5.353729989075184381e-01
2.006000000000000000e+03 -7.472283265924337670e-01
2.007000000000000000e+03 7.736850159768656754e-01
2.008000000000000000e+03 -1.649149641879973816e+00
2.009000000000000000e+03 -9.022238447085749735e-01
2.010000000000000000e+03 1.528649462478302024e+00
2.011000000000000000e+03 -1.576704397374127709e+00
2.012000000000000000e+03 -9.637302503108545748e-01
2.013000000000000000e+03 -2.602414280059102691e-01
2.014000000000000000e+03 -2.179546547596613038e-01
2.015000000000000000e+03 6.267390432985874282e-01
2.016000000000000000e+03 2.441637610765444943e+00
2.017000000000000000e+03 -1.925422225548286126e-01
2.018000000000000000e+03 -5.820671099357053180e-01
2.019000000000000000e+03 7.023717794916725099e-01
