1.979000000000000000e+03 1.542785113116460494e-01
1.980000000000000000e+03 2.514055886082118829e-01
1.981000000000000000e+03 -9.925826576379263022e-01
1.982000000000000000e+03 -1.695738097260634191e-04
1.983000000000000000e+03 1.853512193091070070e+00
1.984000000000000000e+03 -5.627841366262006373e-01
1.985000000000000000e+03 -7.558294869177989428e-01
1.986000000000000000e+03 -6.609963589284784113e-01
1.987000000000000000e+03 1.121207917606653837e+00
1.988000000000000000e+03 2.419257187080123828e-01
1.989000000000000000e+03 -1.274985390043097855e+00
1.990000000000000000e+03 2.220795860921126669e-04
1.991000000000000000e+03 1.084000738547183929e-01
1.992000000000000000e+03 1.527783553886933987e+00
1.993000000000000000e+03 3.636359117665359797e-01
1.994000000000000000e+03 6.073688665215046245e-02
1.995000000000000000e+03 5.668018747058721774e-01
1.996000000000000000e+03 -7.874835408970544126e-01
1.997000000000000000e+03 -3.140264159972475655e-01
1.998000000000000000e+03 1.874306030245277865e+00
1.999000000000000000e+03 -1.119029323208160287e+00
2.000000000000000000e+03 -1.238085611726366775e+00
2.001000000000000000e+03 -4.985243307149008762e-01
2.002000000000000000e+03 1.457242215694765086e-01
2.003000000000000000e+03 5.881975886555675936e-01
2.004000000000000000e+03 -1.978538188253098698e-02
2.005000000000000000e+03 2.711642352342751860e-01
2.006000000000000000e+03 -6.557944631204365438e-01
2.007000000000000000e+03 6.199871226762149884e-02
2.008000000000000000e+03 -1.450693885759752000e+00
2.009000000000000000e+03 -5.534197175693283954e-01
2.010000000000000000e+03 1.087970879625587362e+00
2.011000000000000000e+03 -1.053647899117886588e+00
2.012000000000000000e+03 -6.054627534675637301e-01
2.013000000000000000e+03 -9.227724990402262628e-02
2.014000000000000000e+03 -2.155787847594664020e-01
2.015000000000000000e+03 5.372896338875617905e-01
2.016000000000000000e+03 1.804770693989612651e+00
2.017000000000000000e+03 1.388389918160769509e-01
2.018000000000000000e+03 -6.770410825186624626e-01
2.019000000000000000e+03 7.680267475376533204e-01
