1.979000000000000000e+03 1.170846075201268932e-01
1.980000000000000000e+03 3.198024280613633308e-01
1.981000000000000000e+03 -1.181527940832259649e+00
1.982000000000000000e+03 -1.343658873382436725e-01
1.983000000000000000e+03 2.056273300974901908e+00
1.984000000000000000e+03 -5.357953669605984848e-01
1.985000000000000000e+03 -8.078563321794542951e-01
1.986000000000000000e+03 -7.680459744974970082e-01
1.987000000000000000e+03 1.041858557000000074e+00
1.988000000000000000e+03 4.558257155759889434e-01
1.989000000000000000e+03 -1.296188563471194932e+00
1.990000000000000000e+03 4.488705545294641164e-02
1.991000000000000000e+03 1.975196716409911013e-01
1.992000000000000000e+03 1.729208004137537724e+00
1.993000000000000000e+03 2.422045811475718735e-01
1.994000000000000000e+03 2.863265014737508690e-02
1.995000000000000000e+03 8.308577074249026140e-01
1.996000000000000000e+03 -8.861884986415883292e-01
1.997000000000000000e+03 -4.004156236501392740e-01
1.998000000000000000e+03 2.209400013464899004e+00
1.999000000000000000e+03 -1.304324740084644940e+00
2.000000000000000000e+03 -1.491532678663515465e+00
2.001000000000000000e+03 -6.903067115783095842e-01
2.002000000000000000e+03 2.519269801064311642e-01
2.003000000000000000e+03 6.478232821252706275e-01
2.004000000000000000e+03 7.769007519768093839e-02
2.005000000000000000e+03 1.967595642642746556e-01
2.006000000000000000e+03 -5.941642807723668263e-01
2.007000000000000000e+03 2.049218350776434439e-01
2.008000000000000000e+03 -1.741750114169311470e+00
2.009000000000000000e+03 -5.969518039112020613e-01
2.010000000000000000e+03 1.180957557343853326e+00
2.011000000000000000e+03 -1.127157919483312121e+00
2.012000000000000000e+03 -6.526354772433866636e-01
2.013000000000000000e+03 -1.581773469231610718e-01
2.014000000000000000e+03 -3.625836182740033720e-01
2.015000000000000000e+03 6.062999345274747709e-01
2.016000000000000000e+03 2.113774850000204264e+00
2.017000000000000000e+03 1.207670252468105165e-01
2.018000000000000000e+03 -6.233142748583535564e-01
2.019000000000000000e+03 6.788077570942934180e-01
