1.979000000000000000e+03 1.914724151031648169e-01
1.980000000000000000e+03 1.830087491550614620e-01
1.981000000000000000e+03 -8.036373744435921784e-01
1.982000000000000000e+03 1.340267397187933363e-01
1.983000000000000000e+03 1.650751085207237567e+00
1.984000000000000000e+03 -5.897729062918048992e-01
1.985000000000000000e+03 -7.038026416561432574e-01
1.986000000000000000e+03 -5.539467433594597034e-01
1.987000000000000000e+03 1.200557278213306933e+00
1.988000000000000000e+03 2.802572184003633560e-02
1.989000000000000000e+03 -1.253782216614999667e+00
1.990000000000000000e+03 -4.444289628076066728e-02
1.991000000000000000e+03 1.928047606844145861e-02
1.992000000000000000e+03 1.326359103636327141e+00
1.993000000000000000e+03 4.850672423854995308e-01
1.994000000000000000e+03 9.284112315692628903e-02
1.995000000000000000e+03 3.027460419868411301e-01
1.996000000000000000e+03 -6.887785831525199409e-01
1.997000000000000000e+03 -2.276372083443543581e-01
1.998000000000000000e+03 1.539212047025660723e+00
1.999000000000000000e+03 -9.337339063316726362e-01
2.000000000000000000e+03 -9.846385447892187504e-01
2.001000000000000000e+03 -3.067419498514926124e-01
2.002000000000000000e+03 3.952146303252099258e-02
2.003000000000000000e+03 5.285718951858645598e-01
2.004000000000000000e+03 -1.172608389627413927e-01
2.005000000000000000e+03 3.455689062042753279e-01
2.006000000000000000e+03 -7.174246454685081487e-01
2.007000000000000000e+03 -8.092441054240175069e-02
2.008000000000000000e+03 -1.159637657350193196e+00
2.009000000000000000e+03 -5.098876312274556177e-01
2.010000000000000000e+03 9.949842019073209531e-01
2.011000000000000000e+03 -9.801378787524579472e-01
2.012000000000000000e+03 -5.582900296917406857e-01
2.013000000000000000e+03 -2.637715288488728591e-02
2.014000000000000000e+03 -6.857395124492945970e-02
2.015000000000000000e+03 4.682793332476504755e-01
2.016000000000000000e+03 1.495766537979022148e+00
2.017000000000000000e+03 1.569109583853421641e-01
2.018000000000000000e+03 -7.307678901789731452e-01
2.019000000000000000e+03 8.572457379810147771e-01
