1.979000000000000000e+03 -2.918175763376180853e+01
1.980000000000000000e+03 1.018104545911188552e+01
1.981000000000000000e+03 1.627350011465595436e+00
1.982000000000000000e+03 -1.608797772933745263e+00
1.983000000000000000e+03 -4.351268620045857460e+00
1.984000000000000000e+03 -1.411406889574276668e+01
1.985000000000000000e+03 -2.840055441899551170e+01
1.986000000000000000e+03 -1.370433637249284153e+01
1.987000000000000000e+03 -1.735433069645114657e+01
1.988000000000000000e+03 -1.003143107420997104e+00
1.989000000000000000e+03 9.264873251094632778e+00
1.990000000000000000e+03 9.135955588779602010e+00
1.991000000000000000e+03 -1.631683170892506418e-01
1.992000000000000000e+03 -3.447649374590231464e+00
1.993000000000000000e+03 -7.366986122510323476e+00
1.994000000000000000e+03 1.976478527699672805e+00
1.995000000000000000e+03 2.036479159364899161e+01
1.996000000000000000e+03 9.686326527951967691e+00
1.997000000000000000e+03 7.225980610599882503e+00
1.998000000000000000e+03 -7.132913922144457075e+00
1.999000000000000000e+03 -8.737603596096321645e-02
2.000000000000000000e+03 1.529920609378049789e+01
2.001000000000000000e+03 -1.326972411024870269e+01
2.002000000000000000e+03 -1.019417915851993861e+01
2.003000000000000000e+03 4.095287251376238391e-01
2.004000000000000000e+03 2.318515413454176777e+00
2.005000000000000000e+03 1.470399232361793729e+01
2.006000000000000000e+03 1.160407452963813846e+01
2.007000000000000000e+03 1.740041032775009100e+01
2.008000000000000000e+03 -6.466701275876340027e+00
2.009000000000000000e+03 -1.614093657995553244e+01
2.010000000000000000e+03 2.378865125636023592e+01
2.011000000000000000e+03 9.701917516741561442e+00
2.012000000000000000e+03 1.335983535956190771e+01
2.013000000000000000e+03 -5.334851476299547812e+00
2.014000000000000000e+03 2.747724089713173612e+01
2.015000000000000000e+03 1.208485206952912350e+01
2.016000000000000000e+03 4.550602708782101757e+01
2.017000000000000000e+03 1.795227331255658854e+01
2.018000000000000000e+03 1.934574617917883899e+01
2.019000000000000000e+03 2.674910136342145606e+01
