1.979000000000000000e+03 -1.754710126973620277e+01
1.980000000000000000e+03 2.105367457794231711e+01
1.981000000000000000e+03 1.173795188510085374e+01
1.982000000000000000e+03 7.739776855506338649e+00
1.983000000000000000e+03 4.235278763199053387e+00
1.984000000000000000e+03 -6.289548757693031789e+00
1.985000000000000000e+03 -2.133806152614095097e+01
1.986000000000000000e+03 -7.403870724833455874e+00
1.987000000000000000e+03 -1.181589229398693419e+01
1.988000000000000000e+03 3.773268049848039762e+00
1.989000000000000000e+03 1.327925716316849503e+01
1.990000000000000000e+03 1.238831225565828831e+01
1.991000000000000000e+03 2.327161104594263286e+00
1.992000000000000000e+03 -1.719347198101892626e+00
1.993000000000000000e+03 -6.400711191217158813e+00
1.994000000000000000e+03 2.180726213797662627e+00
1.995000000000000000e+03 1.980701203455180703e+01
1.996000000000000000e+03 8.366519723659608943e+00
1.997000000000000000e+03 5.144146561112348692e+00
1.998000000000000000e+03 -9.976775216827165949e+00
1.999000000000000000e+03 -3.693264575838845598e+00
2.000000000000000000e+03 1.093129030870744245e+01
2.001000000000000000e+03 -1.839966714051693231e+01
2.002000000000000000e+03 -1.608614943398334418e+01
2.003000000000000000e+03 -6.244468795520957904e+00
2.004000000000000000e+03 -5.097509352399579363e+00
2.005000000000000000e+03 6.525940312569006529e+00
2.006000000000000000e+03 2.663995273394033969e+00
2.007000000000000000e+03 7.698303826310812781e+00
2.008000000000000000e+03 -1.693083502251079153e+01
2.009000000000000000e+03 -2.736709757178516256e+01
2.010000000000000000e+03 1.180046301933543695e+01
2.011000000000000000e+03 -3.048297965478414362e+00
2.012000000000000000e+03 -1.524073678532446574e-01
2.013000000000000000e+03 -1.960912144890987463e+01
2.014000000000000000e+03 1.244094367932623513e+01
2.015000000000000000e+03 -3.713472393471552557e+00
2.016000000000000000e+03 2.894567537962516113e+01
2.017000000000000000e+03 6.298943591655652430e-01
2.018000000000000000e+03 1.261339980592639298e+00
2.019000000000000000e+03 7.902667919640085081e+00
