1.979000000000000000e+03 -6.643009208020901113e+00
1.980000000000000000e+03 6.103439330408596319e+00
1.981000000000000000e+03 1.430909818565673319e+01
1.982000000000000000e+03 8.930613732935943627e-01
1.983000000000000000e+03 -3.175898937120702481e+00
1.984000000000000000e+03 -1.000333443689048707e+01
1.985000000000000000e+03 -2.472217610386263686e+01
1.986000000000000000e+03 -1.608592003145346894e+01
1.987000000000000000e+03 3.285529547557532570e+00
1.988000000000000000e+03 -1.930293980221148331e+01
1.989000000000000000e+03 2.309209149379493553e+01
1.990000000000000000e+03 2.006944447349423655e+01
1.991000000000000000e+03 -5.853041999943423335e+00
1.992000000000000000e+03 -1.418131488676241148e+01
1.993000000000000000e+03 -2.335000997353865682e+00
1.994000000000000000e+03 1.863593477248122099e+01
1.995000000000000000e+03 4.939303262753235657e+01
1.996000000000000000e+03 5.839797551948278098e+00
1.997000000000000000e+03 1.098546972136710309e+01
1.998000000000000000e+03 1.108736789652981969e+01
1.999000000000000000e+03 -1.131038987235149129e+01
2.000000000000000000e+03 2.311187737967681510e+00
2.001000000000000000e+03 -2.608206913973278063e+01
2.002000000000000000e+03 -2.595547057392811396e+01
2.003000000000000000e+03 4.978012613776477413e-01
2.004000000000000000e+03 1.734933709214522324e+01
2.005000000000000000e+03 1.287825442506561169e+00
2.006000000000000000e+03 -1.326381741959773564e+01
2.007000000000000000e+03 2.457242365450288446e+01
2.008000000000000000e+03 -1.917843060975935998e+01
2.009000000000000000e+03 -2.578932604965663700e+01
2.010000000000000000e+03 1.894012861715475537e+01
2.011000000000000000e+03 -1.057894606204010834e+01
2.012000000000000000e+03 2.037309391576898943e+00
2.013000000000000000e+03 -1.423892936335038328e+01
2.014000000000000000e+03 -1.481442638769460451e+01
2.015000000000000000e+03 2.389871669769817242e+00
2.016000000000000000e+03 2.597464721968787771e+01
2.017000000000000000e+03 -1.529802366218626197e+01
2.018000000000000000e+03 8.267504122453381399e+00
2.019000000000000000e+03 1.149016236070971964e+01
