1.979000000000000000e+03 -2.378056725362453605e+01
1.980000000000000000e+03 -1.000620691564064657e+01
1.981000000000000000e+03 -7.726362608381214248e-01
1.982000000000000000e+03 -1.316076127364687132e+01
1.983000000000000000e+03 -1.620180978450677500e+01
1.984000000000000000e+03 -2.200133348472216710e+01
1.985000000000000000e+03 -3.569226335213993195e+01
1.986000000000000000e+03 -2.602809548017636843e+01
1.987000000000000000e+03 -5.628734101610978868e+00
1.988000000000000000e+03 -2.718929165182560936e+01
1.989000000000000000e+03 1.623365144373520508e+01
1.990000000000000000e+03 1.423891622298889637e+01
1.991000000000000000e+03 -1.065565845089436969e+01
1.992000000000000000e+03 -1.795601953815896934e+01
1.993000000000000000e+03 -5.081793849196035495e+00
1.994000000000000000e+03 1.691705372019344367e+01
1.995000000000000000e+03 4.870206337479896774e+01
1.996000000000000000e+03 6.176740098769279541e+00
1.997000000000000000e+03 1.235032406774248948e+01
1.998000000000000000e+03 1.348013404245959990e+01
1.999000000000000000e+03 -7.889711926867318148e+00
2.000000000000000000e+03 6.759777483006242704e+00
2.001000000000000000e+03 -2.060556759513982072e+01
2.002000000000000000e+03 -1.945105722978076912e+01
2.003000000000000000e+03 8.030126405079379026e+00
2.004000000000000000e+03 2.590957403540135218e+01
2.005000000000000000e+03 1.087597418531707483e+01
2.006000000000000000e+03 -2.647756877232832817e+00
2.007000000000000000e+03 3.621639599642217888e+01
2.008000000000000000e+03 -6.506546468285672624e+00
2.009000000000000000e+03 -1.208953010862856026e+01
2.010000000000000000e+03 3.366783635773721528e+01
2.011000000000000000e+03 5.176673478096744496e+00
2.012000000000000000e+03 1.882084073126814161e+01
2.013000000000000000e+03 3.572513775895247434e+00
2.014000000000000000e+03 4.024928551105419139e+00
2.015000000000000000e+03 2.225713840812423427e+01
2.016000000000000000e+03 4.686982575759667924e+01
2.017000000000000000e+03 6.625066675276932493e+00
2.018000000000000000e+03 3.121850625947097058e+01
2.019000000000000000e+03 3.546907629728168843e+01
