1.979000000000000000e+03 1.371423625445964092e+02
1.980000000000000000e+03 1.940518240114005266e+02
1.981000000000000000e+03 1.717268062771284463e+02
1.982000000000000000e+03 -2.490740192148327878e+02
1.983000000000000000e+03 1.504679642701506168e+02
1.984000000000000000e+03 3.736151066490149333e+02
1.985000000000000000e+03 4.362332805426508742e+01
1.986000000000000000e+03 -6.274744069984692629e+01
1.987000000000000000e+03 1.031273271554569959e+02
1.988000000000000000e+03 -1.347879617224876370e+00
1.989000000000000000e+03 3.652609275170724459e+02
1.990000000000000000e+03 -4.728369921065861377e+02
1.991000000000000000e+03 2.510049341530115896e+01
1.992000000000000000e+03 -3.100636962544010800e+01
1.993000000000000000e+03 -1.546973333036414147e+02
1.994000000000000000e+03 -3.631826046576449016e+02
1.995000000000000000e+03 -3.580525282261415896e+02
1.996000000000000000e+03 -1.205583722502690449e+02
1.997000000000000000e+03 -7.454754558841340213e+02
1.998000000000000000e+03 -8.936084814212860294e+01
1.999000000000000000e+03 4.293466450581603908e+02
2.000000000000000000e+03 -1.311256941120812485e+02
2.001000000000000000e+03 2.083751597375920994e+02
2.002000000000000000e+03 2.876706128217587022e+01
2.003000000000000000e+03 -3.814650443913637279e+00
2.004000000000000000e+03 -6.612665674461754861e+01
2.005000000000000000e+03 1.997954757871006848e+02
2.006000000000000000e+03 3.419283917600711931e+01
2.007000000000000000e+03 -8.469525075974205208e+01
2.008000000000000000e+03 2.089382085971767253e+02
2.009000000000000000e+03 1.714396217197325711e+02
2.010000000000000000e+03 2.278713112373019101e+02
2.011000000000000000e+03 -5.608046914864410155e+02
2.012000000000000000e+03 7.340010742826984824e+01
2.013000000000000000e+03 -6.123315009071167481e+01
2.014000000000000000e+03 -7.063115032815088234e+00
2.015000000000000000e+03 -2.960225407296221078e+02
2.016000000000000000e+03 5.103700787011291595e+02
2.017000000000000000e+03 1.305206142137386109e+02
2.018000000000000000e+03 3.018788560116976214e+02
2.019000000000000000e+03 -2.297865257166344009e+02
