1.979000000000000000e+03 1.308714718335273517e+02
1.980000000000000000e+03 7.835003055295268837e+01
1.981000000000000000e+03 8.067380740072148626e+01
1.982000000000000000e+03 -3.765703602995755261e+01
1.983000000000000000e+03 7.158020908193532250e+01
1.984000000000000000e+03 1.175972332283055124e+02
1.985000000000000000e+03 1.320665644910159813e+02
1.986000000000000000e+03 -2.695745578543670717e+01
1.987000000000000000e+03 2.283926368752398162e+02
1.988000000000000000e+03 -1.038234994655387737e+02
1.989000000000000000e+03 1.419978700333153938e+02
1.990000000000000000e+03 -3.442642014894718727e+02
1.991000000000000000e+03 1.324013774034285973e+02
1.992000000000000000e+03 3.167511054601077447e+01
1.993000000000000000e+03 -1.694598393277741195e+02
1.994000000000000000e+03 -1.334415825300339122e+02
1.995000000000000000e+03 -1.156184196929500132e+02
1.996000000000000000e+03 -1.509165113192347007e+02
1.997000000000000000e+03 -6.199927572347861542e+02
1.998000000000000000e+03 -1.642314614001805850e+01
1.999000000000000000e+03 1.197584924208102564e+02
2.000000000000000000e+03 -2.094339941849975446e+02
2.001000000000000000e+03 1.745361687601243830e+02
2.002000000000000000e+03 -2.462674809109901375e+01
2.003000000000000000e+03 4.827727977980540430e+00
2.004000000000000000e+03 -2.301402070199285235e-02
2.005000000000000000e+03 3.405319361240723985e+00
2.006000000000000000e+03 7.835079392186371194e+01
2.007000000000000000e+03 -9.058053061808702466e+01
2.008000000000000000e+03 6.957118099543529866e+01
2.009000000000000000e+03 2.250164643323758753e+02
2.010000000000000000e+03 2.483800024704879661e+02
2.011000000000000000e+03 -3.172051013078682331e+02
2.012000000000000000e+03 1.062253585646743375e+02
2.013000000000000000e+03 -3.768565156167357344e+01
2.014000000000000000e+03 -4.440713681446818661e+00
2.015000000000000000e+03 -1.358316756113304677e+02
2.016000000000000000e+03 1.834235634629206118e+02
2.017000000000000000e+03 8.869645168437538985e+01
2.018000000000000000e+03 1.996940751629254862e+02
2.019000000000000000e+03 -1.091100324692608865e+02
