1.979000000000000000e+03 1.442245700358291174e+02
1.980000000000000000e+03 1.617523992889182693e+01
1.981000000000000000e+03 6.154567838715482253e+01
1.982000000000000000e+03 -9.297684499351657195e+00
1.983000000000000000e+03 -3.441883632281390959e+01
1.984000000000000000e+03 2.286222632593148063e+01
1.985000000000000000e+03 3.390283968400270851e+02
1.986000000000000000e+03 -5.461257542192426939e+01
1.987000000000000000e+03 3.642283363249318313e+02
1.988000000000000000e+03 -1.362592989557664680e+02
1.989000000000000000e+03 -4.819650501624558103e+01
1.990000000000000000e+03 -2.862029928179222225e+02
1.991000000000000000e+03 1.466267127956944876e+02
1.992000000000000000e+03 4.512238252763923896e+01
1.993000000000000000e+03 -2.933532394857527947e+02
1.994000000000000000e+03 -1.190751580504622069e+02
1.995000000000000000e+03 -1.384639630394497942e+02
1.996000000000000000e+03 -2.819438147285607670e+02
1.997000000000000000e+03 -4.572872161366725550e+02
1.998000000000000000e+03 5.650278681447394291e+01
1.999000000000000000e+03 1.797468280028256231e+02
2.000000000000000000e+03 -3.484351196283236618e+02
2.001000000000000000e+03 2.109757689391958309e+02
2.002000000000000000e+03 1.139249712802213139e+02
2.003000000000000000e+03 5.119487637092112209e+01
2.004000000000000000e+03 2.643892983437282851e+02
2.005000000000000000e+03 -1.914971990071594519e+02
2.006000000000000000e+03 2.611907751496574406e+02
2.007000000000000000e+03 -1.336535871982337085e+02
2.008000000000000000e+03 -3.616101744111113447e+01
2.009000000000000000e+03 2.939596202089907138e+02
2.010000000000000000e+03 2.343100859856060083e+02
2.011000000000000000e+03 -4.033757228702921225e+02
2.012000000000000000e+03 7.518693851192713851e+01
2.013000000000000000e+03 2.342216572339428922e+02
2.014000000000000000e+03 -1.242281752774242705e+02
2.015000000000000000e+03 -1.923816817089782489e+02
2.016000000000000000e+03 -3.076774047507919008e+01
2.017000000000000000e+03 8.972973551614607857e+00
2.018000000000000000e+03 1.011234761577501757e+02
2.019000000000000000e+03 9.409792836456925613e+01
