1.979000000000000000e+03 1.996227105938571071e+02
1.980000000000000000e+03 -9.489736797722393646e+01
1.981000000000000000e+03 2.280155572494351759e+02
1.982000000000000000e+03 3.713466872588669077e+01
1.983000000000000000e+03 -3.286776732506446308e+01
1.984000000000000000e+03 -6.743391253804840346e+01
1.985000000000000000e+03 2.694059449391211274e+02
1.986000000000000000e+03 -1.485484897383648502e+02
1.987000000000000000e+03 6.914921441086298728e+02
1.988000000000000000e+03 -3.867885351158394656e+02
1.989000000000000000e+03 -3.425238082650477622e+01
1.990000000000000000e+03 -1.749543002369545661e+02
1.991000000000000000e+03 3.116056862112824319e+02
1.992000000000000000e+03 7.125343970809389305e+01
1.993000000000000000e+03 -3.098222128407019795e+02
1.994000000000000000e+03 -2.177806903088960837e+02
1.995000000000000000e+03 5.980963222282351666e+00
1.996000000000000000e+03 -4.641796264925977198e+02
1.997000000000000000e+03 -5.491836086233306560e+02
1.998000000000000000e+03 -8.785135524264187268e+01
1.999000000000000000e+03 -9.409329945497843539e+01
2.000000000000000000e+03 -4.742630049409513617e+02
2.001000000000000000e+03 4.951693861462264863e+02
2.002000000000000000e+03 6.263901450235040080e+00
2.003000000000000000e+03 7.938330937232305651e+00
2.004000000000000000e+03 2.853798327586443975e+02
2.005000000000000000e+03 -3.712394361746477784e+02
2.006000000000000000e+03 3.726605355389535248e+02
2.007000000000000000e+03 -9.074293706267158655e+01
2.008000000000000000e+03 -4.378358118114809372e+01
2.009000000000000000e+03 7.196523347847696641e+02
2.010000000000000000e+03 5.158328837547627472e+02
2.011000000000000000e+03 -5.155452860670643531e+02
2.012000000000000000e+03 1.461828410049396325e+02
2.013000000000000000e+03 2.274124516398833293e+02
2.014000000000000000e+03 -1.562440784919826058e+02
2.015000000000000000e+03 -3.339929754596591920e+02
2.016000000000000000e+03 -2.374351236188100245e+02
2.017000000000000000e+03 6.246573782886876103e+01
2.018000000000000000e+03 2.288519441415392350e+02
2.019000000000000000e+03 3.578674973438328966e+00
