1.979000000000000000e+03 1.422303527482345942e+02
1.980000000000000000e+03 8.939016671854589902e+01
1.981000000000000000e+03 9.139519881720073613e+01
1.982000000000000000e+03 -2.725438936259227773e+01
1.983000000000000000e+03 8.166411100018660818e+01
1.984000000000000000e+03 1.273623903974428231e+02
1.985000000000000000e+03 1.415129769110393170e+02
1.986000000000000000e+03 -1.782978811452735002e+01
1.987000000000000000e+03 2.372015597970352303e+02
1.988000000000000000e+03 -9.533332129285739143e+01
1.989000000000000000e+03 1.501693034568828011e+02
1.990000000000000000e+03 -3.364115128150184546e+02
1.991000000000000000e+03 1.399353213287680262e+02
1.992000000000000000e+03 3.889030972223623905e+01
1.993000000000000000e+03 -1.625633849006626406e+02
1.994000000000000000e+03 -1.268638728520363799e+02
1.995000000000000000e+03 -1.093594547640664842e+02
1.996000000000000000e+03 -1.449762911394651894e+02
1.997000000000000000e+03 -6.143712818041306036e+02
1.998000000000000000e+03 -1.112041545847648116e+01
1.999000000000000000e+03 1.247424783532378569e+02
2.000000000000000000e+03 -2.047687530016839332e+02
2.001000000000000000e+03 1.788826651943240051e+02
2.002000000000000000e+03 -2.059899640601336301e+01
2.003000000000000000e+03 8.536734913952214399e+00
2.004000000000000000e+03 3.367248166155698996e+00
2.005000000000000000e+03 6.476836798984434651e+00
2.006000000000000000e+03 8.110356661049345917e+01
2.007000000000000000e+03 -8.814650267857129506e+01
2.008000000000000000e+03 7.168646418583706748e+01
2.009000000000000000e+03 2.268130027736636691e+02
2.010000000000000000e+03 2.498577961626617423e+02
2.011000000000000000e+03 -3.160460523648084177e+02
2.012000000000000000e+03 1.070656627586201637e+02
2.013000000000000000e+03 -3.716409211684170799e+01
2.014000000000000000e+03 -4.237898985728936196e+00
2.015000000000000000e+03 -1.359476056647265807e+02
2.016000000000000000e+03 1.829888886604105096e+02
2.017000000000000000e+03 8.794303213275132691e+01
2.018000000000000000e+03 1.986219108621874341e+02
2.019000000000000000e+03 -1.105009415191129278e+02
