1.979000000000000000e+03 9.590863696903389268e+01
1.980000000000000000e+03 -5.062873624750113777e+01
1.981000000000000000e+03 -2.151053283650991261e+02
1.982000000000000000e+03 1.840462969908911077e+02
1.983000000000000000e+03 -2.208567059135279464e+02
1.984000000000000000e+03 -2.375945151331719387e+02
1.985000000000000000e+03 7.040559175266947705e+02
1.986000000000000000e+03 4.745820417243889011e+01
1.987000000000000000e+03 2.980655377107086110e+02
1.988000000000000000e+03 -2.064148213423511891e+01
1.989000000000000000e+03 -4.755980617393042849e+02
1.990000000000000000e+03 -2.108176861102260204e+02
1.991000000000000000e+03 1.031739587604998860e+02
1.992000000000000000e+03 9.512007750026393182e+01
1.993000000000000000e+03 -4.155401723129150469e+02
1.994000000000000000e+03 2.237378208151544072e+02
1.995000000000000000e+03 -6.332032411449007725e+01
1.996000000000000000e+03 -2.610934454428153799e+02
1.997000000000000000e+03 -7.720258390255324343e+01
1.998000000000000000e+03 3.467205638281922688e+02
1.999000000000000000e+03 2.039871384052950702e+02
2.000000000000000000e+03 -4.399166598319385457e+02
2.001000000000000000e+03 -7.061723906623116420e+01
2.002000000000000000e+03 3.067439511082529862e+02
2.003000000000000000e+03 1.494609486194447072e+02
2.004000000000000000e+03 5.739147190171579496e+02
2.005000000000000000e+03 -4.030476366339311198e+02
2.006000000000000000e+03 3.767189507340115142e+02
2.007000000000000000e+03 -2.255225737722875579e+02
2.008000000000000000e+03 -2.736376797393620564e+02
2.009000000000000000e+03 -9.213095877530173894e+00
2.010000000000000000e+03 -4.077393703524659685e+01
2.011000000000000000e+03 -1.337771910573710841e+02
2.012000000000000000e+03 5.977867102571936542e+00
2.013000000000000000e+03 5.364856701526570077e+02
2.014000000000000000e+03 -2.093773323074750863e+02
2.015000000000000000e+03 5.287047106234668803e+01
2.016000000000000000e+03 -3.652381765075567728e+02
2.017000000000000000e+03 -1.660674313877636337e+02
2.018000000000000000e+03 -2.273603716799862013e+02
2.019000000000000000e+03 5.085016358369037448e+02
