1.979000000000000000e+03 1.683825365692267724e+02
1.980000000000000000e+03 4.957722801708828797e+01
1.981000000000000000e+03 1.998711817632818111e+02
1.982000000000000000e+03 -1.059696752444730379e+02
1.983000000000000000e+03 5.880009847254308397e+01
1.984000000000000000e+03 1.530905970554832152e+02
1.985000000000000000e+03 1.565146364966930719e+02
1.986000000000000000e+03 -1.056479652191058847e+02
1.987000000000000000e+03 3.973097356320433846e+02
1.988000000000000000e+03 -1.940682073665321923e+02
1.989000000000000000e+03 1.655042733452838490e+02
1.990000000000000000e+03 -3.238956461717703519e+02
1.991000000000000000e+03 1.683530898132918026e+02
1.992000000000000000e+03 2.012353504132689963e+01
1.993000000000000000e+03 -2.322597730721716118e+02
1.994000000000000000e+03 -2.904816474832704785e+02
1.995000000000000000e+03 -1.760357825019296456e+02
1.996000000000000000e+03 -2.923689993714334037e+02
1.997000000000000000e+03 -6.473295322537322818e+02
1.998000000000000000e+03 -8.860610169238525202e+01
1.999000000000000000e+03 1.676266728015909280e+02
2.000000000000000000e+03 -3.026943495265163051e+02
2.001000000000000000e+03 3.517722729419093071e+02
2.002000000000000000e+03 1.751548136620541740e+01
2.003000000000000000e+03 2.061840246659345066e+00
2.004000000000000000e+03 1.096265880070134671e+02
2.005000000000000000e+03 -8.572198019377358946e+01
2.006000000000000000e+03 2.034266873574803469e+02
2.007000000000000000e+03 -8.771909391120685484e+01
2.008000000000000000e+03 8.257731370801433002e+01
2.009000000000000000e+03 4.455459782522510750e+02
2.010000000000000000e+03 3.718520974960323429e+02
2.011000000000000000e+03 -5.381749887767525706e+02
2.012000000000000000e+03 1.097914742166047404e+02
2.013000000000000000e+03 8.308965077458583437e+01
2.014000000000000000e+03 -8.165359676239883413e+01
2.015000000000000000e+03 -3.150077580946406215e+02
2.016000000000000000e+03 1.364674775411596386e+02
2.017000000000000000e+03 9.649317602130369664e+01
2.018000000000000000e+03 2.653654000766184140e+02
2.019000000000000000e+03 -1.131039253715980379e+02
