1.979000000000000000e+03 1.269065239777842606e+02
1.980000000000000000e+03 2.043160385191196440e+02
1.981000000000000000e+03 -9.193731715117866088e+01
1.982000000000000000e+03 1.621150878510765381e+02
1.983000000000000000e+03 1.576504970315052674e+02
1.984000000000000000e+03 1.044837935835181071e+02
1.985000000000000000e+03 1.384069297680122190e+02
1.986000000000000000e+03 1.830232936490345992e+02
1.987000000000000000e+03 -5.947860879245197196e+01
1.988000000000000000e+03 1.239920894611460653e+02
1.989000000000000000e+03 1.396744578128588046e+02
1.990000000000000000e+03 -3.429486964426122313e+02
1.991000000000000000e+03 9.991378954474738805e+01
1.992000000000000000e+03 9.155731979520618324e+01
1.993000000000000000e+03 -9.717692320368772840e+00
1.994000000000000000e+03 2.121440481738320614e+02
1.995000000000000000e+03 3.408502800118454701e+01
1.996000000000000000e+03 1.582204081401202416e+02
1.997000000000000000e+03 -5.417240425631538301e+02
1.998000000000000000e+03 1.489011508772389618e+02
1.999000000000000000e+03 4.234373885055397579e+01
2.000000000000000000e+03 -7.228455031872568881e+00
2.001000000000000000e+03 -1.668879898545755509e+02
2.002000000000000000e+03 -9.849993597805546131e+01
2.003000000000000000e+03 1.813399574705792361e+01
2.004000000000000000e+03 -2.141845044909155149e+02
2.005000000000000000e+03 1.841608533352691666e+02
2.006000000000000000e+03 -1.719368368065871380e+02
2.007000000000000000e+03 -9.907602661028252555e+01
2.008000000000000000e+03 3.814951427062445788e+01
2.009000000000000000e+03 -2.240887435282448621e+02
2.010000000000000000e+03 -9.247146322688484688e+00
2.011000000000000000e+03 1.114149361665951972e+02
2.012000000000000000e+03 8.313661107629063451e+01
2.013000000000000000e+03 -2.978295511399327324e+02
2.014000000000000000e+03 1.287549788534992103e+02
2.015000000000000000e+03 1.986536370071143551e+02
2.016000000000000000e+03 2.508321042370494638e+02
2.017000000000000000e+03 4.396259321990820723e+01
2.018000000000000000e+03 3.657423682371162243e+01
2.019000000000000000e+03 -1.355362138976322512e+02
