1.979000000000000000e+03 -1.392270008906512535e+00
1.980000000000000000e+03 3.238005536003830453e+00
1.981000000000000000e+03 -1.101255249268286329e+00
1.982000000000000000e+03 -4.846169938703882574e-01
1.983000000000000000e+03 -1.012938067778518525e-01
1.984000000000000000e+03 1.335143502968232587e+00
1.985000000000000000e+03 8.921929788595296396e-01
1.986000000000000000e+03 5.716836175558073219e-01
1.987000000000000000e+03 2.664532037023819785e-02
1.988000000000000000e+03 3.197499712084770795e+00
1.989000000000000000e+03 -1.192062445166719220e+00
1.990000000000000000e+03 -3.243744883542605817e-01
1.991000000000000000e+03 2.129777534372082837e+00
1.992000000000000000e+03 -1.329279113745698515e+00
1.993000000000000000e+03 -3.539568641562736984e-01
1.994000000000000000e+03 2.543149829124865535e-01
1.995000000000000000e+03 7.106647403226065141e-01
1.996000000000000000e+03 2.564382459651730617e+00
1.997000000000000000e+03 8.444637094535603627e-02
1.998000000000000000e+03 -1.668374573719693998e+00
1.999000000000000000e+03 4.885939824040191337e-01
2.000000000000000000e+03 -7.371281500471009718e-01
2.001000000000000000e+03 -6.432247078211945635e-01
2.002000000000000000e+03 -2.619374359960846110e+00
2.003000000000000000e+03 -6.711717938835506381e-01
2.004000000000000000e+03 -2.190850064808598674e+00
2.005000000000000000e+03 2.268893387283312801e+00
2.006000000000000000e+03 5.055258170336276308e-02
2.007000000000000000e+03 -1.391295476328088920e+00
2.008000000000000000e+03 -1.358905458981628733e+00
2.009000000000000000e+03 -1.030472560314329211e+00
2.010000000000000000e+03 2.622844935770868968e+00
2.011000000000000000e+03 -4.483977239202947829e-02
2.012000000000000000e+03 1.984953224390098303e-01
2.013000000000000000e+03 -5.277463850795830469e-01
2.014000000000000000e+03 8.594388896303353231e-01
2.015000000000000000e+03 -5.096765091656696445e-01
2.016000000000000000e+03 4.976503703320780958e-01
2.017000000000000000e+03 5.342643911906312937e-01
2.018000000000000000e+03 -3.673411649002197854e-01
2.019000000000000000e+03 -5.764878384246224785e-01
