1.979000000000000000e+03 -1.773071013051242151e+00
1.980000000000000000e+03 2.873915932272767204e+00
1.981000000000000000e+03 -1.448633452585682768e+00
1.982000000000000000e+03 -8.152837967741176639e-01
1.983000000000000000e+03 -4.152492092679144764e-01
1.984000000000000000e+03 1.037899500891836801e+00
1.985000000000000000e+03 6.116603771968008862e-01
1.986000000000000000e+03 3.078624163067449904e-01
1.987000000000000000e+03 -2.204644804651571810e-01
1.988000000000000000e+03 2.967101311663042917e+00
1.989000000000000000e+03 -1.405749445174781176e+00
1.990000000000000000e+03 -5.213500879486555606e-01
1.991000000000000000e+03 1.949513335191354502e+00
1.992000000000000000e+03 -1.492831912512759818e+00
1.993000000000000000e+03 -5.007982625096683016e-01
1.994000000000000000e+03 1.241849849727587607e-01
1.995000000000000000e+03 5.972461427965454206e-01
1.996000000000000000e+03 2.467675262539336334e+00
1.997000000000000000e+03 4.450574246628714523e-03
1.998000000000000000e+03 -1.731658970004754439e+00
1.999000000000000000e+03 4.420209865326252263e-01
2.000000000000000000e+03 -7.669897455048279022e-01
2.001000000000000000e+03 -6.563749028652547945e-01
2.002000000000000000e+03 -2.615813154591239531e+00
2.003000000000000000e+03 -6.508991881002771374e-01
2.004000000000000000e+03 -2.153866058611658030e+00
2.005000000000000000e+03 2.322588793893920034e+00
2.006000000000000000e+03 1.209593887276366742e-01
2.007000000000000000e+03 -1.304177268890148067e+00
2.008000000000000000e+03 -1.255075851130021292e+00
2.009000000000000000e+03 -9.099315520490548481e-01
2.010000000000000000e+03 2.760097344449810031e+00
2.011000000000000000e+03 1.091240367005783668e-01
2.012000000000000000e+03 3.691705319452845413e-01
2.013000000000000000e+03 -3.403597751596415533e-01
2.014000000000000000e+03 1.063536899963943849e+00
2.015000000000000000e+03 -2.888670984183944745e-01
2.016000000000000000e+03 7.351711814930200761e-01
2.017000000000000000e+03 7.884966027652399179e-01
2.018000000000000000e+03 -9.639755291194419817e-02
2.019000000000000000e+03 -2.888328260226801225e-01
