1.979000000000000000e+03 -1.454482199747872961e+00
1.980000000000000000e+03 3.086440692836941224e+00
1.981000000000000000e+03 -2.959024191005035664e+00
1.982000000000000000e+03 -1.764385267751309438e+00
1.983000000000000000e+03 -5.258596220173053504e-02
1.984000000000000000e+03 7.860756310981877881e-01
1.985000000000000000e+03 2.647336065165664998e+00
1.986000000000000000e+03 -2.474195586659652779e+00
1.987000000000000000e+03 -4.748410787380906439e-02
1.988000000000000000e+03 1.859587273684712549e+00
1.989000000000000000e+03 -1.233264191414694233e+00
1.990000000000000000e+03 -1.848232231574065576e+00
1.991000000000000000e+03 2.129981919756267494e+00
1.992000000000000000e+03 9.247466608710342983e-01
1.993000000000000000e+03 -1.587807572546000356e+00
1.994000000000000000e+03 3.102846174408385060e+00
1.995000000000000000e+03 3.451547602389308245e-01
1.996000000000000000e+03 1.921041490305519073e+00
1.997000000000000000e+03 -6.042296074668628281e-01
1.998000000000000000e+03 1.626149435160023637e+00
1.999000000000000000e+03 7.071603111832218680e-01
2.000000000000000000e+03 -9.851308820632276309e-01
2.001000000000000000e+03 -1.260331596097100659e+00
2.002000000000000000e+03 -5.779252766062780822e+00
2.003000000000000000e+03 1.172743931966874431e+00
2.004000000000000000e+03 -1.127610926292434312e+00
2.005000000000000000e+03 2.138975729476715770e+00
2.006000000000000000e+03 -1.295013153009227924e+00
2.007000000000000000e+03 8.233904499876817384e-01
2.008000000000000000e+03 -2.669338934541254371e+00
2.009000000000000000e+03 4.348697174005452526e-01
2.010000000000000000e+03 2.515536110694691629e+00
2.011000000000000000e+03 3.754348950734713419e+00
2.012000000000000000e+03 1.407773119750642898e+00
2.013000000000000000e+03 -2.441421708526247070e+00
2.014000000000000000e+03 -3.538875158318546266e-01
2.015000000000000000e+03 -2.403361632557070582e-01
2.016000000000000000e+03 -4.214193769326906452e-02
2.017000000000000000e+03 3.116024682867520657e+00
2.018000000000000000e+03 -3.772544868397086582e+00
2.019000000000000000e+03 -5.074817375770506178e-01
