1.979000000000000000e+03 -5.439074347718340974e+00
1.980000000000000000e+03 3.730677815255035501e+00
1.981000000000000000e+03 -2.330175107031031423e-01
1.982000000000000000e+03 -1.476608668968619753e+00
1.983000000000000000e+03 1.103818151085863786e+00
1.984000000000000000e+03 3.730850295668267869e+00
1.985000000000000000e+03 9.419200636264811743e-01
1.986000000000000000e+03 3.110627873553879041e+00
1.987000000000000000e+03 3.895675869430820226e-03
1.988000000000000000e+03 7.172268036834650751e+00
1.989000000000000000e+03 -2.037848859107748822e+00
1.990000000000000000e+03 -1.208704514936165930e+00
1.991000000000000000e+03 8.017845944452829388e-01
1.992000000000000000e+03 -3.436917024563896916e+00
1.993000000000000000e+03 -2.698298671690643413e+00
1.994000000000000000e+03 -1.921693737598932694e+00
1.995000000000000000e+03 1.863700127209880764e-01
1.996000000000000000e+03 3.916181308277796980e+00
1.997000000000000000e+03 -1.476304688342377602e+00
1.998000000000000000e+03 -3.610838032994372337e+00
1.999000000000000000e+03 1.905798900321151068e+00
2.000000000000000000e+03 3.324397739753794379e-01
2.001000000000000000e+03 -2.123654299429526826e-01
2.002000000000000000e+03 -2.565888456243863303e+00
2.003000000000000000e+03 -3.297265848678855971e+00
2.004000000000000000e+03 -4.156078582714560987e+00
2.005000000000000000e+03 5.857768324472743871e+00
2.006000000000000000e+03 1.847333770450240165e+00
2.007000000000000000e+03 -7.129241855906252034e+00
2.008000000000000000e+03 1.081180665020820886e+00
2.009000000000000000e+03 -2.397530547185930061e+00
2.010000000000000000e+03 6.357489139074623541e-01
2.011000000000000000e+03 -3.346501734704140585e+00
2.012000000000000000e+03 2.375511913114639828e+00
2.013000000000000000e+03 3.116431360702638931e-01
2.014000000000000000e+03 2.914271853292831338e+00
2.015000000000000000e+03 -1.897231246533784832e+00
2.016000000000000000e+03 3.018692519557709897e+00
2.017000000000000000e+03 2.759909089791652836e-01
2.018000000000000000e+03 2.269829553437954228e+00
2.019000000000000000e+03 1.016805698596505048e+00
