1.979000000000000000e+03 -2.308921454003635354e+00
1.980000000000000000e+03 2.921528842859620667e+00
1.981000000000000000e+03 2.376701571866375595e-01
1.982000000000000000e+03 -1.259831413588130333e+00
1.983000000000000000e+03 4.232591847684274433e-01
1.984000000000000000e+03 2.794375594876673752e+00
1.985000000000000000e+03 1.398296527800919398e+00
1.986000000000000000e+03 4.518773826674754579e-01
1.987000000000000000e+03 -4.650324557578727203e-01
1.988000000000000000e+03 2.405810827828944287e+00
1.989000000000000000e+03 -2.374884763386356124e+00
1.990000000000000000e+03 -7.940935524699143100e-01
1.991000000000000000e+03 5.971944487957967507e-01
1.992000000000000000e+03 -1.787810423459343045e+00
1.993000000000000000e+03 -1.687773126917750943e+00
1.994000000000000000e+03 -4.285126323497540635e-01
1.995000000000000000e+03 1.300667952638611402e-01
1.996000000000000000e+03 1.985255742562780590e+00
1.997000000000000000e+03 -1.707544797422374527e+00
1.998000000000000000e+03 1.971941919128684662e-01
1.999000000000000000e+03 6.787560289449083850e-01
2.000000000000000000e+03 1.173803497299845233e+00
2.001000000000000000e+03 -7.294070296897899874e-01
2.002000000000000000e+03 -4.863457082431912326e+00
2.003000000000000000e+03 -1.629761652626420920e+00
2.004000000000000000e+03 -1.924458997627847223e+00
2.005000000000000000e+03 2.772240344286071689e+00
2.006000000000000000e+03 4.597617990680190614e-01
2.007000000000000000e+03 -2.178096845437130558e+00
2.008000000000000000e+03 8.405540376822315807e-01
2.009000000000000000e+03 -7.886872673004261536e-01
2.010000000000000000e+03 1.444434717352231612e+00
2.011000000000000000e+03 2.740608459659287455e+00
2.012000000000000000e+03 2.555195975653431262e+00
2.013000000000000000e+03 -1.685871272968149315e+00
2.014000000000000000e+03 -6.089957454254567581e-01
2.015000000000000000e+03 -2.266199795489825863e+00
2.016000000000000000e+03 2.901601662571902551e+00
2.017000000000000000e+03 6.108683237949752431e-01
2.018000000000000000e+03 2.187182000588433206e-01
2.019000000000000000e+03 -4.497324345436618520e-01
