1.979000000000000000e+03 1.892638356914734254e+00
1.980000000000000000e+03 2.107012840189469216e+00
1.981000000000000000e+03 -8.673864017248249514e-01
1.982000000000000000e+03 1.065703503582568823e+00
1.983000000000000000e+03 -2.042330156641964045e+00
1.984000000000000000e+03 -1.164489061184106111e+00
1.985000000000000000e+03 -1.531447931433988829e+00
1.986000000000000000e+03 4.940707306546814892e-01
1.987000000000000000e+03 -4.268005379015069045e-01
1.988000000000000000e+03 4.454179882028615201e-02
1.989000000000000000e+03 -7.869534077904695168e-01
1.990000000000000000e+03 1.636157062736602885e+00
1.991000000000000000e+03 3.044132774305798872e+00
1.992000000000000000e+03 -1.854877388051228149e+00
1.993000000000000000e+03 2.879248145362741429e+00
1.994000000000000000e+03 -7.289720903751615300e-01
1.995000000000000000e+03 1.323927749806656839e+00
1.996000000000000000e+03 1.613605786272548803e+00
1.997000000000000000e+03 2.125777518647895548e+00
1.998000000000000000e+03 -3.194308109220223457e+00
1.999000000000000000e+03 -1.286827346085889445e+00
2.000000000000000000e+03 -1.664120519745109217e+00
2.001000000000000000e+03 -5.281813710132581274e-01
2.002000000000000000e+03 4.500367729362887981e-01
2.003000000000000000e+03 1.082480696754394428e-01
2.004000000000000000e+03 -1.257396246702770837e+00
2.005000000000000000e+03 -1.124376549281583149e+00
2.006000000000000000e+03 -3.007526254110544639e-01
2.007000000000000000e+03 2.266098127956089670e+00
2.008000000000000000e+03 -2.320202052300731399e+00
2.009000000000000000e+03 -9.261778919319806347e-01
2.010000000000000000e+03 4.954051646038001522e+00
2.011000000000000000e+03 -2.713417657771914904e-01
2.012000000000000000e+03 -2.882551394016882984e+00
2.013000000000000000e+03 8.860099928505333899e-01
2.014000000000000000e+03 3.916258111652485829e-01
2.015000000000000000e+03 1.016454266129623862e+00
2.016000000000000000e+03 -1.041460182929152767e+00
2.017000000000000000e+03 -1.312860226233821148e+00
2.018000000000000000e+03 9.112769164013776457e-01
2.019000000000000000e+03 -1.693979476048516286e+00
