1.979000000000000000e+03 1.574343508312493256e+00
1.980000000000000000e+03 1.804629288726308678e+00
1.981000000000000000e+03 -1.153858656048903253e+00
1.982000000000000000e+03 7.951425463975714258e-01
1.983000000000000000e+03 -2.296979816687879872e+00
1.984000000000000000e+03 -1.403227424090940367e+00
1.985000000000000000e+03 -1.754274997201741959e+00
1.986000000000000000e+03 2.871549620260099300e-01
1.987000000000000000e+03 -6.178050093910971707e-01
1.988000000000000000e+03 -1.305513755302229462e-01
1.989000000000000000e+03 -9.461352850018970306e-01
1.990000000000000000e+03 1.492886482664256498e+00
1.991000000000000000e+03 2.916773491372533833e+00
1.992000000000000000e+03 -1.966325373845411617e+00
1.993000000000000000e+03 2.783711456707639531e+00
1.994000000000000000e+03 -8.085974818911821904e-01
1.995000000000000000e+03 1.260213655429717416e+00
1.996000000000000000e+03 1.565802989034690729e+00
1.997000000000000000e+03 2.093886018549119488e+00
1.998000000000000000e+03 -3.210288312179918613e+00
1.999000000000000000e+03 -1.286896251906503030e+00
2.000000000000000000e+03 -1.648278128426642120e+00
2.001000000000000000e+03 -4.964276825557094042e-01
2.002000000000000000e+03 4.977017585329189253e-01
2.003000000000000000e+03 1.718243524111510157e-01
2.004000000000000000e+03 -1.177908666827977902e+00
2.005000000000000000e+03 -1.028977672267708865e+00
2.006000000000000000e+03 -1.894424512580988873e-01
2.007000000000000000e+03 2.393319599248126650e+00
2.008000000000000000e+03 -2.177069283869613070e+00
2.009000000000000000e+03 -7.671338263617810682e-01
2.010000000000000000e+03 5.129007008747282548e+00
2.011000000000000000e+03 -8.047510592882919922e-02
2.012000000000000000e+03 -2.675773437029438817e+00
2.013000000000000000e+03 1.108699246977058461e+00
2.014000000000000000e+03 6.302263624308550582e-01
2.015000000000000000e+03 1.270966114534311631e+00
2.016000000000000000e+03 -7.710370373853837611e-01
2.017000000000000000e+03 -1.026525783550970905e+00
2.018000000000000000e+03 1.213522656223309459e+00
2.019000000000000000e+03 -1.375822439087502902e+00
