1.979000000000000000e+03 -3.320781454468804683e-02
1.980000000000000000e+03 1.947468020486880169e+00
1.981000000000000000e+03 3.905052173268052762e+00
1.982000000000000000e+03 -5.385003040444478195e-01
1.983000000000000000e+03 2.185453654211563235e-01
1.984000000000000000e+03 3.866200857863565599e+00
1.985000000000000000e+03 6.056334546106317829e-01
1.986000000000000000e+03 7.191998611081916737e-01
1.987000000000000000e+03 -1.351508935269253087e+00
1.988000000000000000e+03 -1.814422827032521779e+00
1.989000000000000000e+03 -3.853541239636615323e+00
1.990000000000000000e+03 6.746560891004824700e-01
1.991000000000000000e+03 -1.140183167814166509e+00
1.992000000000000000e+03 -2.851260906685150864e+00
1.993000000000000000e+03 -7.772131365166207173e-01
1.994000000000000000e+03 -2.466690333858721829e+00
1.995000000000000000e+03 -1.413243871683392827e-01
1.996000000000000000e+03 1.185444291050030963e-01
1.997000000000000000e+03 -3.042100096457889258e+00
1.998000000000000000e+03 2.576271173572940221e+00
1.999000000000000000e+03 -5.766911246696448945e-01
2.000000000000000000e+03 4.174101599987389832e+00
2.001000000000000000e+03 -7.155240630293244752e-01
2.002000000000000000e+03 -6.245230024989099959e+00
2.003000000000000000e+03 -2.764763041167271673e+00
2.004000000000000000e+03 -4.896874838765411520e-01
2.005000000000000000e+03 3.199769789087600347e-01
2.006000000000000000e+03 8.269647797630429453e-01
2.007000000000000000e+03 -2.284391303928329509e-01
2.008000000000000000e+03 4.109820382567110464e+00
2.009000000000000000e+03 -4.034009721158701156e-01
2.010000000000000000e+03 1.182019127454542184e+00
2.011000000000000000e+03 7.813978162947281092e+00
2.012000000000000000e+03 3.882302894095026602e+00
2.013000000000000000e+03 -2.927835246448451834e+00
2.014000000000000000e+03 -4.387371573737350872e+00
2.015000000000000000e+03 -4.661031976679989697e+00
2.016000000000000000e+03 5.728254405851282982e+00
2.017000000000000000e+03 -1.559410620461765262e+00
2.018000000000000000e+03 2.158869915135657624e+00
2.019000000000000000e+03 -1.858521264650441873e+00
