1.979000000000000000e+03 -3.446778273733107412e+00
1.980000000000000000e+03 3.408559254045985920e+00
1.981000000000000000e+03 -1.596020850854067419e+00
1.982000000000000000e+03 -1.620496968359967704e+00
1.983000000000000000e+03 5.256160944420700254e-01
1.984000000000000000e+03 2.258462963383223610e+00
1.985000000000000000e+03 1.794628064396076361e+00
1.986000000000000000e+03 3.182161434471132977e-01
1.987000000000000000e+03 -2.179421600218515304e-02
1.988000000000000000e+03 4.515927655259680762e+00
1.989000000000000000e+03 -1.635556525261224747e+00
1.990000000000000000e+03 -1.528468373255112089e+00
1.991000000000000000e+03 1.465883257100774051e+00
1.992000000000000000e+03 -1.256085181846433363e+00
1.993000000000000000e+03 -2.143053122118322218e+00
1.994000000000000000e+03 5.905762184047265162e-01
1.995000000000000000e+03 2.657623864799579794e-01
1.996000000000000000e+03 2.918611399291662245e+00
1.997000000000000000e+03 -1.040267147904618383e+00
1.998000000000000000e+03 -9.923442989171755713e-01
1.999000000000000000e+03 1.306479605752182804e+00
2.000000000000000000e+03 -3.263455540439249569e-01
2.001000000000000000e+03 -7.363485130200242423e-01
2.002000000000000000e+03 -4.172570611153323838e+00
2.003000000000000000e+03 -1.062260958355989660e+00
2.004000000000000000e+03 -2.641844754503497761e+00
2.005000000000000000e+03 3.998372026974732485e+00
2.006000000000000000e+03 2.761603087205073415e-01
2.007000000000000000e+03 -3.152925702959288756e+00
2.008000000000000000e+03 -7.940791347602192962e-01
2.009000000000000000e+03 -9.813304148926922377e-01
2.010000000000000000e+03 1.575642512301075771e+00
2.011000000000000000e+03 2.039236080152854735e-01
2.012000000000000000e+03 1.891642516432643140e+00
2.013000000000000000e+03 -1.064889286227992393e+00
2.014000000000000000e+03 1.280192168730491353e+00
2.015000000000000000e+03 -1.068783704894747055e+00
2.016000000000000000e+03 1.488275290932221218e+00
2.017000000000000000e+03 1.696007795923343497e+00
2.018000000000000000e+03 -7.513576574795672869e-01
2.019000000000000000e+03 2.546619805097276035e-01
