-2.982744115200071544e+00
-9.737630847190148486e-02
2.044918899476680263e+00
-2.463911793645433335e+00
1.304009886570899335e-01
1.487976356669771461e+00
-6.059732984581884807e-01
1.043111859250001883e-01
2.154123656249657959e+00
-3.798763533063443387e-01
-2.822700314133937294e+00
-3.790038750526386613e-01
1.181365956261751338e+00
-1.900986276417871712e-01
-1.017722368256365861e+00
-1.603323621877465133e+00
-1.060218738351080603e+00
-1.614349290071561249e+00
-1.427770268002434895e+00
2.319469461882011529e+00
2.193341016947435218e+00
1.722325019305658289e+00
-3.344550057336405091e-01
-1.782610488795751236e+00
-2.358554873280179098e+00
6.874450116061254779e-01
1.307472707621424091e+00
1.701066197628211318e+00
-6.290160426352254808e-01
-1.258393461693801951e+00
-5.315766406080194573e-01
3.425338603313039076e+00
-1.348136160618858215e+00
2.457337767801945017e+00
-4.811720865007058645e-01
-2.900988909910605873e+00
-1.160311511795901307e+00
7.007025072599706306e-01
5.177933334360430573e-01
-1.595975875716445724e+00
-1.699429325815019265e+00
