-6.535161279871305240e+00
-6.704526483965788097e-01
3.539526905138383306e+00
-2.520540313907443153e+00
1.155540614550961243e+00
4.232874370358464589e+00
-2.081362309939453148e+00
-1.098434426015771903e+00
2.554156811860441856e+00
-2.222704484179075290e+00
-3.675121732562498966e+00
-2.037789900883582472e+00
2.567034197665723827e+00
5.550019727085860888e-01
-3.041770314982816359e+00
-4.949871766217220248e+00
-1.116599993681046010e+00
-4.009366851911408958e-01
5.434547011122858873e-02
5.026905896048534217e+00
3.402077788867762909e+00
2.403837022085376418e+00
-2.416940490269749997e+00
8.962173492442235823e-01
-3.536590975720590002e+00
1.477723455762192994e+00
1.631008672738077703e+00
2.361434048460101798e-01
-2.224360363280941222e+00
-1.548870325109068302e+00
3.419734027678761890e-01
2.797526747186557916e+00
-9.989218888268740493e-01
2.739707988027378249e+00
1.005181089551830720e+00
-2.862619596319869064e+00
-4.087769147911065382e+00
1.745419932332193724e+00
2.120069608088319679e+00
-2.052358203746726062e+00
-4.274244187235746395e+00
