-1.629067547330271148e+00
1.834351631471155875e+00
-7.287728764096164102e-01
-3.020884233332990387e+00
-6.538883814798641669e-01
1.771819842536668466e+00
-1.189266267740364813e-01
6.830534309920428537e-01
2.872218351389153490e+00
8.890100173501944703e-01
-8.241247339396907678e-01
-5.790800280576406944e-01
7.773611808771161424e-01
-1.238061073108267074e+00
-4.612940696127122431e-01
-1.105605594416208870e+00
-1.997041700342027326e+00
-1.399517736599064532e+00
-2.025175018797883197e+00
2.097813046162523509e+00
1.136425476036732718e+00
-6.702766694626183241e-01
2.356389943130378917e-01
-1.891257449156206194e+00
-1.195837230012466001e+00
-3.829557675966780983e-01
2.210570451216590016e+00
3.050913391397875873e+00
-4.392245099825764498e-02
-4.132686631476849559e-01
-1.490128666968360549e-01
3.174078987668813134e+00
-1.147816157108066726e+00
7.759114310455055286e-01
-2.330456386122710555e+00
-1.864208213765501609e+00
2.216258816137144094e-01
-1.214485174767335751e+00
-3.441986853818190112e-02
-3.176871276789863252e+00
-2.159525244781504982e-01
