-7.840035183986377998e-01
-1.456027908490281852e+00
3.324002669701274115e+00
-1.850310833695866908e+00
-1.104492670998272474e-01
-1.540765142885818895e+00
3.823690413389242981e-01
7.283145527987292533e-01
1.035995805499378308e+00
1.940654069098481649e-01
-3.968854475899622702e+00
1.479858303783307294e+00
1.997024902424142379e-01
1.127632174743193882e-01
4.498972798264312400e-01
1.245506495001032832e+00
-6.701452103016856954e-02
-3.042593448424478098e+00
-2.312481255320650408e+00
-1.663105565650232487e-01
2.041519785937810916e+00
3.433414705294216773e+00
1.177936478755790883e+00
-4.352791366475270429e+00
-2.343236414107481291e+00
9.675673466528615929e-01
8.083899890960401236e-02
1.816141796640748929e+00
3.812346863735220914e-01
-1.813041396824651930e+00
-1.787690457895098284e+00
4.304410075083744402e+00
-1.897670435921633869e+00
3.856393884332951050e+00
-1.182409629312380084e-01
-3.976138919646446279e+00
3.852087309096466905e-01
1.571172764215054141e+00
-5.322697392420085993e-01
4.413018533872522520e-01
-6.080912657311595693e-01
