1.979000000000000000e+03 -6.084891146134915552e+00
1.980000000000000000e+03 -2.257799867929731197e-01
1.981000000000000000e+03 3.978602094609204443e+00
1.982000000000000000e+03 -2.087062596569407180e+00
1.983000000000000000e+03 1.583420859756212273e+00
1.984000000000000000e+03 4.655157143430931121e+00
1.985000000000000000e+03 -1.664677008999771557e+00
1.986000000000000000e+03 -6.873465972088753650e-01
1.987000000000000000e+03 2.959647168534553341e+00
1.988000000000000000e+03 -1.822811599637748525e+00
1.989000000000000000e+03 -3.280826320153956477e+00
1.990000000000000000e+03 -1.649091960607825813e+00
1.991000000000000000e+03 2.950134665808696433e+00
1.992000000000000000e+03 9.325049687187736414e-01
1.993000000000000000e+03 -2.669864791105413193e+00
1.994000000000000000e+03 -4.583563714472601802e+00
1.995000000000000000e+03 -7.558894140692129504e-01
1.996000000000000000e+03 -4.582357771209261826e-02
1.997000000000000000e+03 4.038611054574919312e-01
1.998000000000000000e+03 5.370824059262012895e+00
1.999000000000000000e+03 3.740398479948456423e+00
2.000000000000000000e+03 2.736560241033285656e+00
2.001000000000000000e+03 -2.089814743454625923e+00
2.002000000000000000e+03 1.217745623926562493e+00
2.003000000000000000e+03 -3.220660173171035812e+00
2.004000000000000000e+03 1.788056786178962465e+00
2.005000000000000000e+03 1.935744531022062009e+00
2.006000000000000000e+03 5.352817909972099608e-01
2.007000000000000000e+03 -1.930819449262526355e+00
2.008000000000000000e+03 -1.260926883223438155e+00
2.009000000000000000e+03 6.243193725207213385e-01
2.010000000000000000e+03 3.074275244806618623e+00
2.011000000000000000e+03 -7.277708633395983950e-01
2.012000000000000000e+03 3.005261541381869073e+00
2.013000000000000000e+03 1.265137170773537045e+00
2.014000000000000000e+03 -2.608260987230948125e+00
2.015000000000000000e+03 -3.839008010954929606e+00
2.016000000000000000e+03 1.988583597155545224e+00
2.017000000000000000e+03 2.357635800778886459e+00
2.018000000000000000e+03 -1.820389483188944446e+00
2.019000000000000000e+03 -4.047872938810750831e+00
