1.979000000000000000e+03 -3.434752152424232818e+00
1.980000000000000000e+03 -9.115643403276622037e-01
1.981000000000000000e+03 3.039793759578379717e+00
1.982000000000000000e+03 -3.483175295645602354e+00
1.983000000000000000e+03 8.432429965461024635e-01
1.984000000000000000e+03 4.605320188873300302e-01
1.985000000000000000e+03 -7.902770540056515136e-01
1.986000000000000000e+03 3.483737487404828803e-01
1.987000000000000000e+03 2.294428239906836531e+00
1.988000000000000000e+03 -1.245176463601637806e+00
1.989000000000000000e+03 -2.433741360690996558e+00
1.990000000000000000e+03 5.295200494436633765e-01
1.991000000000000000e+03 -1.158346024040301098e-01
1.992000000000000000e+03 9.921503110930914859e-01
1.993000000000000000e+03 -9.654804222078507969e-01
1.994000000000000000e+03 -3.021443700561933898e+00
1.995000000000000000e+03 1.874189984592823932e-01
1.996000000000000000e+03 -2.433438398828308813e+00
1.997000000000000000e+03 -1.391080130563488115e+00
1.998000000000000000e+03 1.548406250190168532e+00
1.999000000000000000e+03 1.685748103529133290e+00
2.000000000000000000e+03 1.815014217950504438e+00
2.001000000000000000e+03 5.482337014821128118e-01
2.002000000000000000e+03 -7.387725200663374236e-01
2.003000000000000000e+03 -1.744740937385670820e+00
2.004000000000000000e+03 -2.833590239675418676e-01
2.005000000000000000e+03 3.781539725200365465e-02
2.006000000000000000e+03 2.526039788340172620e+00
2.007000000000000000e+03 1.848142795051001819e-01
2.008000000000000000e+03 -7.367621305238132301e-01
2.009000000000000000e+03 -9.129754246079765378e-01
2.010000000000000000e+03 3.254725604156474272e+00
2.011000000000000000e+03 -8.867704005837223624e-01
2.012000000000000000e+03 3.049939037096719652e+00
2.013000000000000000e+03 4.010343340827426939e-01
2.014000000000000000e+03 -2.334327480839584190e+00
2.015000000000000000e+03 -1.133859608179000222e+00
2.016000000000000000e+03 2.135302409028635662e+00
2.017000000000000000e+03 1.576757219089438999e+00
2.018000000000000000e+03 -4.761491108024406560e-01
2.019000000000000000e+03 -1.760594518989504698e+00
