1.979000000000000000e+03 -2.859520655554179669e+00
1.980000000000000000e+03 -3.604907785293453015e-01
1.981000000000000000e+03 3.566709386304960372e+00
1.982000000000000000e+03 -2.980417603990757058e+00
1.983000000000000000e+03 1.321842753129210957e+00
1.984000000000000000e+03 9.149738403987025537e-01
1.985000000000000000e+03 -3.599931675660149044e-01
1.986000000000000000e+03 7.544997001083835197e-01
1.987000000000000000e+03 2.676396256203000590e+00
1.988000000000000000e+03 -8.873663823772094394e-01
1.989000000000000000e+03 -2.100089214538303661e+00
1.990000000000000000e+03 8.390142605246200258e-01
1.991000000000000000e+03 1.695016736051902229e-01
1.992000000000000000e+03 1.253328652030575752e+00
1.993000000000000000e+03 -7.284600163421027785e-01
1.994000000000000000e+03 -2.808581229767922238e+00
1.995000000000000000e+03 3.761235341815585276e-01
1.996000000000000000e+03 -2.268891798177768315e+00
1.997000000000000000e+03 -1.250691464984684087e+00
1.998000000000000000e+03 1.664636980697236535e+00
1.999000000000000000e+03 1.777820898964465268e+00
2.000000000000000000e+03 1.882929078314100391e+00
2.001000000000000000e+03 5.919906267739727390e-01
2.002000000000000000e+03 -7.191735298462136328e-01
2.003000000000000000e+03 -1.749299882237283388e+00
2.004000000000000000e+03 -3.120759038908900718e-01
2.005000000000000000e+03 -1.505941774308061989e-02
2.006000000000000000e+03 2.449007038273352421e+00
2.007000000000000000e+03 8.362359436654379086e-02
2.008000000000000000e+03 -8.621107507341057019e-01
2.009000000000000000e+03 -1.062481979890004924e+00
2.010000000000000000e+03 3.081061113802709528e+00
2.011000000000000000e+03 -1.084592826009222799e+00
2.012000000000000000e+03 2.827958676599482857e+00
2.013000000000000000e+03 1.548960385137701234e-01
2.014000000000000000e+03 -2.604623711480293036e+00
2.015000000000000000e+03 -1.428313773891444871e+00
2.016000000000000000e+03 1.816690308244454988e+00
2.017000000000000000e+03 1.233987183233522300e+00
2.018000000000000000e+03 -8.430770817300934361e-01
2.019000000000000000e+03 -2.151680424988893670e+00
