1.979000000000000000e+03 -1.629067547330271148e+00
1.980000000000000000e+03 1.834351631471155875e+00
1.981000000000000000e+03 -7.287728764096164102e-01
1.982000000000000000e+03 -3.020884233332990387e+00
1.983000000000000000e+03 -6.538883814798641669e-01
1.984000000000000000e+03 1.771819842536668466e+00
1.985000000000000000e+03 -1.189266267740364813e-01
1.986000000000000000e+03 6.830534309920428537e-01
1.987000000000000000e+03 2.872218351389153490e+00
1.988000000000000000e+03 8.890100173501944703e-01
1.989000000000000000e+03 -8.241247339396907678e-01
1.990000000000000000e+03 -5.790800280576406944e-01
1.991000000000000000e+03 7.773611808771161424e-01
1.992000000000000000e+03 -1.238061073108267074e+00
1.993000000000000000e+03 -4.612940696127122431e-01
1.994000000000000000e+03 -1.105605594416208870e+00
1.995000000000000000e+03 -1.997041700342027326e+00
1.996000000000000000e+03 -1.399517736599064532e+00
1.997000000000000000e+03 -2.025175018797883197e+00
1.998000000000000000e+03 2.097813046162523509e+00
1.999000000000000000e+03 1.136425476036732718e+00
2.000000000000000000e+03 -6.702766694626183241e-01
2.001000000000000000e+03 2.356389943130378917e-01
2.002000000000000000e+03 -1.891257449156206194e+00
2.003000000000000000e+03 -1.195837230012466001e+00
2.004000000000000000e+03 -3.829557675966780983e-01
2.005000000000000000e+03 2.210570451216590016e+00
2.006000000000000000e+03 3.050913391397875873e+00
2.007000000000000000e+03 -4.392245099825764498e-02
2.008000000000000000e+03 -4.132686631476849559e-01
2.009000000000000000e+03 -1.490128666968360549e-01
2.010000000000000000e+03 3.174078987668813134e+00
2.011000000000000000e+03 -1.147816157108066726e+00
2.012000000000000000e+03 7.759114310455055286e-01
2.013000000000000000e+03 -2.330456386122710555e+00
2.014000000000000000e+03 -1.864208213765501609e+00
2.015000000000000000e+03 2.216258816137144094e-01
2.016000000000000000e+03 -1.214485174767335751e+00
2.017000000000000000e+03 -3.441986853818190112e-02
2.018000000000000000e+03 -3.176871276789863252e+00
2.019000000000000000e+03 -2.159525244781504982e-01
