1.979000000000000000e+03 1.062320305577097335e+00
1.980000000000000000e+03 1.339718560883977228e+00
1.981000000000000000e+03 -1.909005343677052657e+00
1.982000000000000000e+03 1.430811493058137929e+00
1.983000000000000000e+03 -4.664916605428690577e-01
1.984000000000000000e+03 -1.571158828037067634e+00
1.985000000000000000e+03 -3.080405838945837194e-01
1.986000000000000000e+03 2.979254807674010852e+00
1.987000000000000000e+03 3.876667069374070684e-02
1.988000000000000000e+03 -1.193622710498400297e+00
1.989000000000000000e+03 -1.238921143555465898e+00
1.990000000000000000e+03 -1.013612560622500602e+00
1.991000000000000000e+03 1.046477890061169536e+00
1.992000000000000000e+03 -1.629065907557142534e+00
1.993000000000000000e+03 -3.129273541200753961e+00
1.994000000000000000e+03 1.098278538762141210e+00
1.995000000000000000e+03 -1.768952727462111962e+00
1.996000000000000000e+03 -8.904571320661074374e-01
1.997000000000000000e+03 2.672430656531468163e+00
1.998000000000000000e+03 1.353845353550006791e+00
1.999000000000000000e+03 1.748647756198056236e+00
2.000000000000000000e+03 -1.237457217967391054e+00
2.001000000000000000e+03 1.712194693477465002e+00
2.002000000000000000e+03 -2.429656083587892479e-01
2.003000000000000000e+03 1.988329623112413402e-01
2.004000000000000000e+03 -7.372119035136123211e-01
2.005000000000000000e+03 2.073641699777868830e+00
2.006000000000000000e+03 1.127645271748388911e+00
2.007000000000000000e+03 -8.569432613119650766e-01
2.008000000000000000e+03 -1.922988327775745132e+00
2.009000000000000000e+03 1.108196427851201982e+00
2.010000000000000000e+03 -9.905718749003471213e-03
2.011000000000000000e+03 2.253835698239111451e+00
2.012000000000000000e+03 1.136388796679560914e-01
2.013000000000000000e+03 -3.116665867577908866e+00
2.014000000000000000e+03 -1.158649625540434380e+00
2.015000000000000000e+03 2.487413761548459057e+00
2.016000000000000000e+03 8.178875535177330125e-01
2.017000000000000000e+03 -1.602998770566501419e+00
2.018000000000000000e+03 -1.625294321633622197e+00
2.019000000000000000e+03 9.658437809797966178e-01
