1.979000000000000000e+03 -8.240498305601168250e-01
1.980000000000000000e+03 1.007806713294478573e+00
1.981000000000000000e+03 -5.253170832084165243e-01
1.982000000000000000e+03 -1.141931303936068787e+00
1.983000000000000000e+03 -7.957573929221831710e-01
1.984000000000000000e+03 3.356439363765775230e-01
1.985000000000000000e+03 -8.303024089133409502e-02
1.986000000000000000e+03 4.512536633959355892e-01
1.987000000000000000e+03 1.764180151238603278e+00
1.988000000000000000e+03 1.268297401304281813e+00
1.989000000000000000e+03 -1.118580518977353028e-01
1.990000000000000000e+03 -4.288581816863289431e-01
1.991000000000000000e+03 8.564522487636559989e-01
1.992000000000000000e+03 -8.159515623808225593e-01
1.993000000000000000e+03 -2.044931577332043116e-01
1.994000000000000000e+03 -1.424199691623570796e-01
1.995000000000000000e+03 -3.537830636997087441e-01
1.996000000000000000e+03 -1.107960848342136151e+00
1.997000000000000000e+03 -1.088684593117392518e+00
1.998000000000000000e+03 1.494417915756006021e+00
1.999000000000000000e+03 9.181380483570464879e-01
2.000000000000000000e+03 -7.776348632476922651e-01
2.001000000000000000e+03 8.501407177733079079e-01
2.002000000000000000e+03 -1.378493321859931564e+00
2.003000000000000000e+03 -1.838086886784974783e-01
2.004000000000000000e+03 -1.401887944489508042e+00
2.005000000000000000e+03 1.025587637357392001e+00
2.006000000000000000e+03 2.025604124997469224e+00
2.007000000000000000e+03 3.900541446803303947e-01
2.008000000000000000e+03 -2.468774591110148298e-01
2.009000000000000000e+03 -8.808762133771662617e-01
2.010000000000000000e+03 1.114248015993758445e+00
2.011000000000000000e+03 -5.784061620903938605e-01
2.012000000000000000e+03 1.038255496293452040e+00
2.013000000000000000e+03 -5.486045908705279306e-01
2.014000000000000000e+03 -4.578581925828398291e-01
2.015000000000000000e+03 3.499432040377827291e-01
2.016000000000000000e+03 2.130224229957119186e-01
2.017000000000000000e+03 2.078217760153993898e-01
2.018000000000000000e+03 -6.826419430946218947e-01
2.019000000000000000e+03 -5.496829596911895210e-01
