1.979000000000000000e+03 -3.321717226954918001e+00
1.980000000000000000e+03 -7.319089052066333201e-01
1.981000000000000000e+03 3.756562361713370546e+00
1.982000000000000000e+03 -1.867161798451368426e+00
1.983000000000000000e+03 8.342756501325961915e-01
1.984000000000000000e+03 1.651250791200097101e+00
1.985000000000000000e+03 -5.508342557797456518e-01
1.986000000000000000e+03 1.070686429687416619e-01
1.987000000000000000e+03 2.080671089313916866e+00
1.988000000000000000e+03 -7.352585569438615520e-01
1.989000000000000000e+03 -3.549460921483566178e+00
1.990000000000000000e+03 -1.297241474589764902e-02
1.991000000000000000e+03 1.642827928815053573e+00
1.992000000000000000e+03 5.868083810091809793e-01
1.993000000000000000e+03 -1.049544530603719217e+00
1.994000000000000000e+03 -1.612324447576877429e+00
1.995000000000000000e+03 -3.584828682676455824e-01
1.996000000000000000e+03 -1.494974476663104346e+00
1.997000000000000000e+03 -9.088111014032604906e-01
1.998000000000000000e+03 2.644020661999950228e+00
1.999000000000000000e+03 2.928987980717724149e+00
2.000000000000000000e+03 3.119281258061479267e+00
2.001000000000000000e+03 -4.253804103285525606e-01
2.002000000000000000e+03 -1.540699212130352658e+00
2.003000000000000000e+03 -2.758859697372120667e+00
2.004000000000000000e+03 1.397165599806186931e+00
2.005000000000000000e+03 1.023910235479244424e+00
2.006000000000000000e+03 1.187595201455528215e+00
2.007000000000000000e+03 -7.666440366848171761e-01
2.008000000000000000e+03 -1.532570858141224068e+00
2.009000000000000000e+03 -5.810073236812302033e-01
2.010000000000000000e+03 3.686285816074276411e+00
2.011000000000000000e+03 -1.319512556378384716e+00
2.012000000000000000e+03 3.420300743232778995e+00
2.013000000000000000e+03 5.591860714196540405e-01
2.014000000000000000e+03 -3.310197048817055787e+00
2.015000000000000000e+03 -1.748631798277862304e+00
2.016000000000000000e+03 1.754410959553214244e+00
2.017000000000000000e+03 8.834807467594908426e-01
2.018000000000000000e+03 -7.224811617866581104e-01
2.019000000000000000e+03 -2.364654512033629974e+00
