1.979000000000000000e+03 -1.632000102927607443e+00
1.980000000000000000e+03 1.842274713659503460e+00
1.981000000000000000e+03 -7.099941564355856105e-01
1.982000000000000000e+03 -2.991249875573276373e+00
1.983000000000000000e+03 -6.133983859344661616e-01
1.984000000000000000e+03 1.823165475867750018e+00
1.985000000000000000e+03 -5.672535565727142293e-02
1.986000000000000000e+03 7.561103398944912790e-01
1.987000000000000000e+03 2.956130898077286240e+00
1.988000000000000000e+03 9.837782018240101012e-01
1.989000000000000000e+03 -7.185009116801919227e-01
1.990000000000000000e+03 -4.626005680124581354e-01
1.991000000000000000e+03 9.046962787079823043e-01
1.992000000000000000e+03 -1.099870337491717365e+00
1.993000000000000000e+03 -3.122476962104790976e-01
1.994000000000000000e+03 -9.457035832282921772e-01
1.995000000000000000e+03 -1.826284051368427086e+00
1.996000000000000000e+03 -1.217904449839780856e+00
1.997000000000000000e+03 -1.832706094252916085e+00
1.998000000000000000e+03 2.301137608493174280e+00
1.999000000000000000e+03 1.350605676153067147e+00
2.000000000000000000e+03 -4.452408315606005140e-01
2.001000000000000000e+03 4.715304700007391658e-01
2.002000000000000000e+03 -1.644510335682821456e+00
2.003000000000000000e+03 -9.382344787533977160e-01
2.004000000000000000e+03 -1.144973785519261961e-01
2.005000000000000000e+03 2.489884478047025063e+00
2.006000000000000000e+03 3.341083056013994579e+00
2.007000000000000000e+03 2.571028514035448853e-01
2.008000000000000000e+03 -1.013877229601990032e-01
2.009000000000000000e+03 1.737237112763334035e-01
2.010000000000000000e+03 3.507671203427665585e+00
2.011000000000000000e+03 -8.033683035635301728e-01
2.012000000000000000e+03 1.131214922375725518e+00
2.013000000000000000e+03 -1.964297257006806685e+00
2.014000000000000000e+03 -1.487193446863914303e+00
2.015000000000000000e+03 6.094962863009850684e-01
2.016000000000000000e+03 -8.157591322943815726e-01
2.017000000000000000e+03 3.751618117204557623e-01
2.018000000000000000e+03 -2.756433958745542423e+00
2.019000000000000000e+03 2.153404313518542113e-01
