1.979000000000000000e+03 -2.982744115200069768e+00
1.980000000000000000e+03 -9.737630847190219263e-02
1.981000000000000000e+03 2.044918899476680263e+00
1.982000000000000000e+03 -2.463911793645434223e+00
1.983000000000000000e+03 1.304009886570893784e-01
1.984000000000000000e+03 1.487976356669769684e+00
1.985000000000000000e+03 -6.059732984581882587e-01
1.986000000000000000e+03 1.043111859250002715e-01
1.987000000000000000e+03 2.154123656249657071e+00
1.988000000000000000e+03 -3.798763533063437836e-01
1.989000000000000000e+03 -2.822700314133938182e+00
1.990000000000000000e+03 -3.790038750526379396e-01
1.991000000000000000e+03 1.181365956261750449e+00
1.992000000000000000e+03 -1.900986276417868659e-01
1.993000000000000000e+03 -1.017722368256365195e+00
1.994000000000000000e+03 -1.603323621877465133e+00
1.995000000000000000e+03 -1.060218738351079715e+00
1.996000000000000000e+03 -1.614349290071561471e+00
1.997000000000000000e+03 -1.427770268002434895e+00
1.998000000000000000e+03 2.319469461882011974e+00
1.999000000000000000e+03 2.193341016947433442e+00
2.000000000000000000e+03 1.722325019305659177e+00
2.001000000000000000e+03 -3.344550057336404536e-01
2.002000000000000000e+03 -1.782610488795751680e+00
2.003000000000000000e+03 -2.358554873280179542e+00
2.004000000000000000e+03 6.874450116061251448e-01
2.005000000000000000e+03 1.307472707621424979e+00
2.006000000000000000e+03 1.701066197628211984e+00
2.007000000000000000e+03 -6.290160426352243705e-01
2.008000000000000000e+03 -1.258393461693801951e+00
2.009000000000000000e+03 -5.315766406080184581e-01
2.010000000000000000e+03 3.425338603313039076e+00
2.011000000000000000e+03 -1.348136160618857993e+00
2.012000000000000000e+03 2.457337767801945461e+00
2.013000000000000000e+03 -4.811720865007061421e-01
2.014000000000000000e+03 -2.900988909910605873e+00
2.015000000000000000e+03 -1.160311511795900419e+00
2.016000000000000000e+03 7.007025072599712967e-01
2.017000000000000000e+03 5.177933334360450557e-01
2.018000000000000000e+03 -1.595975875716446390e+00
2.019000000000000000e+03 -1.699429325815018821e+00
