1.979000000000000000e+03 -1.935127512752702783e+00
1.980000000000000000e+03 3.823454748252296809e-01
1.981000000000000000e+03 3.187003435488139580e+00
1.982000000000000000e+03 -5.206929215069532546e+00
1.983000000000000000e+03 2.296976959122436934e+00
1.984000000000000000e+03 -5.575800612040864301e-01
1.985000000000000000e+03 2.168900886145123594e-02
1.986000000000000000e+03 2.049361814387667291e+00
1.987000000000000000e+03 3.867846589981172478e+00
1.988000000000000000e+03 -1.191582033243908212e+00
1.989000000000000000e+03 7.986541993522201510e-01
1.990000000000000000e+03 2.542987611065653297e+00
1.991000000000000000e+03 -2.777150836814533452e+00
1.992000000000000000e+03 2.586369194073363076e+00
1.993000000000000000e+03 -8.629098781887159508e-02
1.994000000000000000e+03 -5.201094794150014522e+00
1.995000000000000000e+03 1.845336339079966859e+00
1.996000000000000000e+03 -3.816726441207102472e+00
1.997000000000000000e+03 -1.934452192147529503e+00
1.998000000000000000e+03 -2.941303819081887427e-01
1.999000000000000000e+03 -5.245132645420508277e-01
2.000000000000000000e+03 -5.897752811806528106e-01
2.001000000000000000e+03 2.626732700979022006e+00
2.002000000000000000e+03 9.238778347220675258e-01
2.003000000000000000e+03 2.698197480323917263e-01
2.004000000000000000e+03 -3.730558911285046353e+00
2.005000000000000000e+03 -2.092998724187732584e+00
2.006000000000000000e+03 4.971830711909002609e+00
2.007000000000000000e+03 1.784158856469265420e+00
2.008000000000000000e+03 4.788094640801268675e-01
2.009000000000000000e+03 -2.025431292307554365e+00
2.010000000000000000e+03 1.870611709259575095e+00
2.011000000000000000e+03 -6.147533652709001872e-01
2.012000000000000000e+03 1.643274543332892579e+00
2.013000000000000000e+03 -6.536840272979981270e-01
2.014000000000000000e+03 -1.193477036806765090e+00
2.015000000000000000e+03 -7.876777251186068973e-01
2.016000000000000000e+03 1.941249005626933144e+00
2.017000000000000000e+03 1.935000056181586547e+00
2.018000000000000000e+03 -1.084268921616966752e+00
2.019000000000000000e+03 -1.725732250899421505e+00
