1.979000000000000000e+03 -2.055937212035677947e-02
1.980000000000000000e+03 -1.913220687179752189e-01
1.981000000000000000e+03 3.902828501229068103e-01
1.982000000000000000e+03 -8.228231857671534089e-01
1.983000000000000000e+03 8.128618606120819878e-01
1.984000000000000000e+03 6.844161616889078426e-01
1.985000000000000000e+03 -6.024696052839763061e-01
1.986000000000000000e+03 -6.530005812590824466e-01
1.987000000000000000e+03 -9.650277767574186316e-02
1.988000000000000000e+03 9.802092079021522686e-01
1.989000000000000000e+03 2.551676217607289354e-01
1.990000000000000000e+03 1.185810361050164824e-01
1.991000000000000000e+03 8.564871897293766523e-01
1.992000000000000000e+03 -1.799904318590230146e+00
1.993000000000000000e+03 -8.795540959690708593e-01
1.994000000000000000e+03 -1.830667104026034997e-01
1.995000000000000000e+03 3.226938671395960245e-01
1.996000000000000000e+03 6.206932410632416686e-02
1.997000000000000000e+03 -1.107793936995129375e-01
1.998000000000000000e+03 6.629678799969740410e-01
1.999000000000000000e+03 1.836718452243233379e-01
2.000000000000000000e+03 -6.620270836760768773e-01
2.001000000000000000e+03 5.133017651926214953e-01
2.002000000000000000e+03 1.430809637932994316e-01
2.003000000000000000e+03 4.671060600882556146e-01
2.004000000000000000e+03 -1.453964225770585150e+00
2.005000000000000000e+03 2.192736915316616797e-01
2.006000000000000000e+03 7.920857022471903264e-01
2.007000000000000000e+03 2.051696609699016349e-01
2.008000000000000000e+03 1.727311342304409525e-01
2.009000000000000000e+03 -1.124467778630160897e+00
2.010000000000000000e+03 1.598989828768061783e-01
2.011000000000000000e+03 2.357188521130770542e-01
2.012000000000000000e+03 1.059318431122723725e+00
2.013000000000000000e+03 2.508692175563347060e-02
2.014000000000000000e+03 -6.676275243462619080e-02
2.015000000000000000e+03 1.484511941191913979e-02
2.016000000000000000e+03 1.564248248769292138e-01
2.017000000000000000e+03 -7.728365523060251596e-02
2.018000000000000000e+03 -1.219901160002169471e-01
2.019000000000000000e+03 -6.269732333708766259e-01
