1.979000000000000000e+03 -9.633563889064306052e-01
1.980000000000000000e+03 8.752775341080364369e-01
1.981000000000000000e+03 -6.510688832349866839e-01
1.982000000000000000e+03 -1.260905724802767081e+00
1.983000000000000000e+03 -9.079544346290095991e-01
1.984000000000000000e+03 2.302242738296227664e-01
1.985000000000000000e+03 -1.816725242784170136e-01
1.986000000000000000e+03 3.593887591687245364e-01
1.987000000000000000e+03 1.679092626171263758e+00
1.988000000000000000e+03 1.189987255396814492e+00
1.989000000000000000e+03 -1.833908186453309663e-01
1.990000000000000000e+03 -4.936135692740527547e-01
1.991000000000000000e+03 7.984742403358037199e-01
1.992000000000000000e+03 -8.671521916488027504e-01
1.993000000000000000e+03 -2.489164078413126924e-01
1.994000000000000000e+03 -1.800658401105937056e-01
1.995000000000000000e+03 -3.846515554880736709e-01
1.996000000000000000e+03 -1.132051960970629434e+00
1.997000000000000000e+03 -1.105998326586013603e+00
1.998000000000000000e+03 1.483881561447256470e+00
1.999000000000000000e+03 9.143790732081690242e-01
2.000000000000000000e+03 -7.746164592366979740e-01
2.001000000000000000e+03 8.599365009441739538e-01
2.002000000000000000e+03 -1.361920159529193430e+00
2.003000000000000000e+03 -1.604581471878876453e-01
2.004000000000000000e+03 -1.371760023839026621e+00
2.005000000000000000e+03 1.062492937167745621e+00
2.006000000000000000e+03 2.069286803967693711e+00
2.007000000000000000e+03 4.405142028104274687e-01
2.008000000000000000e+03 -1.896400218210458344e-01
2.009000000000000000e+03 -8.168613969273255115e-01
2.010000000000000000e+03 1.185040211603471061e+00
2.011000000000000000e+03 -5.008365873208096009e-01
2.012000000000000000e+03 1.122602450222908166e+00
2.013000000000000000e+03 -4.574802577811998283e-01
2.014000000000000000e+03 -3.599564803336400831e-01
2.015000000000000000e+03 4.546222954468543409e-01
2.016000000000000000e+03 3.244788935646553685e-01
2.017000000000000000e+03 3.260556257442147055e-01
2.018000000000000000e+03 -5.576307142059347965e-01
2.019000000000000000e+03 -4.178943516426306681e-01
