1.979000000000000000e+03 -7.840035183986377998e-01
1.980000000000000000e+03 -1.456027908490281852e+00
1.981000000000000000e+03 3.324002669701274115e+00
1.982000000000000000e+03 -1.850310833695866908e+00
1.983000000000000000e+03 -1.104492670998272474e-01
1.984000000000000000e+03 -1.540765142885818895e+00
1.985000000000000000e+03 3.823690413389242981e-01
1.986000000000000000e+03 7.283145527987292533e-01
1.987000000000000000e+03 1.035995805499378308e+00
1.988000000000000000e+03 1.940654069098481649e-01
1.989000000000000000e+03 -3.968854475899622702e+00
1.990000000000000000e+03 1.479858303783307294e+00
1.991000000000000000e+03 1.997024902424142379e-01
1.992000000000000000e+03 1.127632174743193882e-01
1.993000000000000000e+03 4.498972798264312400e-01
1.994000000000000000e+03 1.245506495001032832e+00
1.995000000000000000e+03 -6.701452103016856954e-02
1.996000000000000000e+03 -3.042593448424478098e+00
1.997000000000000000e+03 -2.312481255320650408e+00
1.998000000000000000e+03 -1.663105565650232487e-01
1.999000000000000000e+03 2.041519785937810916e+00
2.000000000000000000e+03 3.433414705294216773e+00
2.001000000000000000e+03 1.177936478755790883e+00
2.002000000000000000e+03 -4.352791366475270429e+00
2.003000000000000000e+03 -2.343236414107481291e+00
2.004000000000000000e+03 9.675673466528615929e-01
2.005000000000000000e+03 8.083899890960401236e-02
2.006000000000000000e+03 1.816141796640748929e+00
2.007000000000000000e+03 3.812346863735220914e-01
2.008000000000000000e+03 -1.813041396824651930e+00
2.009000000000000000e+03 -1.787690457895098284e+00
2.010000000000000000e+03 4.304410075083744402e+00
2.011000000000000000e+03 -1.897670435921633869e+00
2.012000000000000000e+03 3.856393884332951050e+00
2.013000000000000000e+03 -1.182409629312380084e-01
2.014000000000000000e+03 -3.976138919646446279e+00
2.015000000000000000e+03 3.852087309096466905e-01
2.016000000000000000e+03 1.571172764215054141e+00
2.017000000000000000e+03 -5.322697392420085993e-01
2.018000000000000000e+03 4.413018533872522520e-01
2.019000000000000000e+03 -6.080912657311595693e-01
