1.979000000000000000e+03 -4.043544548558589136e-01
1.980000000000000000e+03 -5.510760293656576936e-01
1.981000000000000000e+03 5.457001156304388395e-02
1.982000000000000000e+03 -1.134494902239196579e+00
1.983000000000000000e+03 5.252312662278582067e-01
1.984000000000000000e+03 4.208266893925035057e-01
1.985000000000000000e+03 -8.420179554925608656e-01
1.986000000000000000e+03 -8.685078093798475063e-01
1.987000000000000000e+03 -2.879688837086873954e-01
1.988000000000000000e+03 8.127842239570265415e-01
1.989000000000000000e+03 1.117837599034226387e-01
1.990000000000000000e+03 -7.617036644702577554e-04
1.991000000000000000e+03 7.611855720477094245e-01
1.992000000000000000e+03 -1.871164814184077096e+00
1.993000000000000000e+03 -9.267734694750987545e-01
1.994000000000000000e+03 -2.062449618208119229e-01
1.995000000000000000e+03 3.235567378092072399e-01
1.996000000000000000e+03 8.697331686375486814e-02
1.997000000000000000e+03 -6.183427885426262538e-02
1.998000000000000000e+03 7.359541169300438668e-01
1.999000000000000000e+03 2.806992042452128300e-01
2.000000000000000000e+03 -5.409586025673678300e-01
2.001000000000000000e+03 6.584113683891501534e-01
2.002000000000000000e+03 3.122316890776477005e-01
2.003000000000000000e+03 6.602979074604233833e-01
2.004000000000000000e+03 -1.236731256310597660e+00
2.005000000000000000e+03 4.605477830794686978e-01
2.006000000000000000e+03 1.057400915882816816e+00
2.007000000000000000e+03 4.945259966933477358e-01
2.008000000000000000e+03 4.861285920417066087e-01
2.009000000000000000e+03 -7.870291987310757964e-01
2.010000000000000000e+03 5.213786848637109728e-01
2.011000000000000000e+03 6.212396761878015150e-01
2.012000000000000000e+03 1.468880377285267880e+00
2.013000000000000000e+03 4.586899900059970281e-01
2.014000000000000000e+03 3.908814379035570052e-01
2.015000000000000000e+03 4.965304318379218929e-01
2.016000000000000000e+03 6.621512593907514788e-01
2.017000000000000000e+03 4.524839013710393876e-01
2.018000000000000000e+03 4.318185626892445672e-01
2.019000000000000000e+03 -4.912343259359565339e-02
