1.979000000000000000e+03 -3.659582399134971631e+00
1.980000000000000000e+03 -1.063240278443430942e+00
1.981000000000000000e+03 3.431764787419827822e+00
1.982000000000000000e+03 -2.185425573801654586e+00
1.983000000000000000e+03 5.225456737255657069e-01
1.984000000000000000e+03 1.346054613736322292e+00
1.985000000000000000e+03 -8.494966343002644527e-01
1.986000000000000000e+03 -1.850599366085214637e-01
1.987000000000000000e+03 1.795076308679909527e+00
1.988000000000000000e+03 -1.014319538634613105e+00
1.989000000000000000e+03 -3.821988104231061278e+00
1.990000000000000000e+03 -2.789657985501377557e-01
1.991000000000000000e+03 1.383368343954069157e+00
1.992000000000000000e+03 3.338825950914524610e-01
1.993000000000000000e+03 -1.295936517578192060e+00
1.994000000000000000e+03 -1.852182635608093930e+00
1.995000000000000000e+03 -5.918072573556070193e-01
1.996000000000000000e+03 -1.721765066807809719e+00
1.997000000000000000e+03 -1.129067892604710410e+00
1.998000000000000000e+03 2.430297669741756206e+00
1.999000000000000000e+03 2.721798787402785802e+00
2.000000000000000000e+03 2.918625863689797040e+00
2.001000000000000000e+03 -6.195020057569794458e-01
2.002000000000000000e+03 -1.728287008615523757e+00
2.003000000000000000e+03 -2.939913694914036313e+00
2.004000000000000000e+03 1.222645401207527405e+00
2.005000000000000000e+03 8.559238358238407951e-01
2.006000000000000000e+03 1.026142600743379818e+00
2.007000000000000000e+03 -9.215628384537094542e-01
2.008000000000000000e+03 -1.680955860966860449e+00
2.009000000000000000e+03 -7.228585275636110197e-01
2.010000000000000000e+03 3.550968411135151381e+00
2.011000000000000000e+03 -1.448296162374254292e+00
2.012000000000000000e+03 3.298050936180164872e+00
2.013000000000000000e+03 4.434700633102962031e-01
2.014000000000000000e+03 -3.419379257983157672e+00
2.015000000000000000e+03 -1.851280208500708957e+00
2.016000000000000000e+03 1.658296348273623932e+00
2.017000000000000000e+03 7.938999344231560951e-01
2.018000000000000000e+03 -8.055281751797371825e-01
2.019000000000000000e+03 -2.441167726483453038e+00
