1.979000000000000000e+03 -2.758478185612479372e+00
1.980000000000000000e+03 1.261523010820788659e-01
1.981000000000000000e+03 2.267710188997051901e+00
1.982000000000000000e+03 -2.241857824158671963e+00
1.983000000000000000e+03 3.517176381102423699e-01
1.984000000000000000e+03 1.708555686089313408e+00
1.985000000000000000e+03 -3.861312890722539137e-01
1.986000000000000000e+03 3.234158752773252377e-01
1.987000000000000000e+03 2.372491025568372880e+00
1.988000000000000000e+03 -1.622463040212374363e-01
1.989000000000000000e+03 -2.605807584882441574e+00
1.990000000000000000e+03 -1.628484658347503222e-01
1.991000000000000000e+03 1.396784045446028522e+00
1.992000000000000000e+03 2.458214150888216390e-02
1.993000000000000000e+03 -8.037789191393056587e-01
1.994000000000000000e+03 -1.390117492794014975e+00
1.995000000000000000e+03 -8.477499293012387138e-01
1.996000000000000000e+03 -1.402617801055330071e+00
1.997000000000000000e+03 -1.216776099019812429e+00
1.998000000000000000e+03 2.529726310831025060e+00
1.999000000000000000e+03 2.402860545862837593e+00
2.000000000000000000e+03 1.931107228187452840e+00
2.001000000000000000e+03 -1.264101168854555313e-01
2.002000000000000000e+03 -1.575302919981176331e+00
2.003000000000000000e+03 -2.151984624499212906e+00
2.004000000000000000e+03 8.932779403534819584e-01
2.005000000000000000e+03 1.512568316335172192e+00
2.006000000000000000e+03 1.905424486308349818e+00
2.007000000000000000e+03 -4.253950739886955268e-01
2.008000000000000000e+03 -1.055509813080882653e+00
2.009000000000000000e+03 -3.294303120287082609e-01
2.010000000000000000e+03 3.626747611858739617e+00
2.011000000000000000e+03 -1.147464472106766387e+00
2.012000000000000000e+03 2.657272136280427688e+00
2.013000000000000000e+03 -2.819750380558332381e-01
2.014000000000000000e+03 -2.702529181499342403e+00
2.015000000000000000e+03 -9.625891034182464390e-01
2.016000000000000000e+03 8.976875956040161197e-01
2.017000000000000000e+03 7.140411017464804999e-01
2.018000000000000000e+03 -1.400465427439620214e+00
2.019000000000000000e+03 -1.504656197571802467e+00
