1.979000000000000000e+03 -6.535161279871305240e+00
1.980000000000000000e+03 -6.704526483965788097e-01
1.981000000000000000e+03 3.539526905138383306e+00
1.982000000000000000e+03 -2.520540313907443153e+00
1.983000000000000000e+03 1.155540614550961243e+00
1.984000000000000000e+03 4.232874370358464589e+00
1.985000000000000000e+03 -2.081362309939453148e+00
1.986000000000000000e+03 -1.098434426015771903e+00
1.987000000000000000e+03 2.554156811860441856e+00
1.988000000000000000e+03 -2.222704484179075290e+00
1.989000000000000000e+03 -3.675121732562498966e+00
1.990000000000000000e+03 -2.037789900883582472e+00
1.991000000000000000e+03 2.567034197665723827e+00
1.992000000000000000e+03 5.550019727085860888e-01
1.993000000000000000e+03 -3.041770314982816359e+00
1.994000000000000000e+03 -4.949871766217220248e+00
1.995000000000000000e+03 -1.116599993681046010e+00
1.996000000000000000e+03 -4.009366851911408958e-01
1.997000000000000000e+03 5.434547011122858873e-02
1.998000000000000000e+03 5.026905896048534217e+00
1.999000000000000000e+03 3.402077788867762909e+00
2.000000000000000000e+03 2.403837022085376418e+00
2.001000000000000000e+03 -2.416940490269749997e+00
2.002000000000000000e+03 8.962173492442235823e-01
2.003000000000000000e+03 -3.536590975720590002e+00
2.004000000000000000e+03 1.477723455762192994e+00
2.005000000000000000e+03 1.631008672738077703e+00
2.006000000000000000e+03 2.361434048460101798e-01
2.007000000000000000e+03 -2.224360363280941222e+00
2.008000000000000000e+03 -1.548870325109068302e+00
2.009000000000000000e+03 3.419734027678761890e-01
2.010000000000000000e+03 2.797526747186557916e+00
2.011000000000000000e+03 -9.989218888268740493e-01
2.012000000000000000e+03 2.739707988027378249e+00
2.013000000000000000e+03 1.005181089551830720e+00
2.014000000000000000e+03 -2.862619596319869064e+00
2.015000000000000000e+03 -4.087769147911065382e+00
2.016000000000000000e+03 1.745419932332193724e+00
2.017000000000000000e+03 2.120069608088319679e+00
2.018000000000000000e+03 -2.052358203746726062e+00
2.019000000000000000e+03 -4.274244187235746395e+00
