1.979000000000000000e+03 -1.011622843423193752e+00
1.980000000000000000e+03 1.715173751273156633e+00
1.981000000000000000e+03 -1.992824166144573916e-01
1.982000000000000000e+03 4.924111819887461716e-01
1.983000000000000000e+03 -2.174084165433832982e+00
1.984000000000000000e+03 -9.409641432211486300e-01
1.985000000000000000e+03 5.517738627332395840e-01
1.986000000000000000e+03 1.098550352037912070e+00
1.987000000000000000e+03 1.142060958928349024e+00
1.988000000000000000e+03 1.302278841647874774e+00
1.989000000000000000e+03 2.929729993963717805e-01
1.990000000000000000e+03 -9.172758882983372830e-01
1.991000000000000000e+03 7.806764570883292231e-01
1.992000000000000000e+03 -1.599642536445018137e-01
1.993000000000000000e+03 4.861940284995701078e-01
1.994000000000000000e+03 -1.516128526393403508e-01
1.995000000000000000e+03 -4.745241665117338470e-01
1.996000000000000000e+03 -2.389918582485972554e+00
1.997000000000000000e+03 -1.889822276585935379e+00
1.998000000000000000e+03 2.127105812021198528e+00
1.999000000000000000e+03 1.010641331477934779e+00
2.000000000000000000e+03 -1.846983604888569330e-01
2.001000000000000000e+03 2.074554302739306522e+00
2.002000000000000000e+03 -2.611060416339506585e+00
2.003000000000000000e+03 5.297945640046577420e-01
2.004000000000000000e+03 -2.352745579151665822e+00
2.005000000000000000e+03 1.376842820800850131e-01
2.006000000000000000e+03 1.407270473538549949e+00
2.007000000000000000e+03 6.282944116445509097e-01
2.008000000000000000e+03 -5.272246610045812076e-01
2.009000000000000000e+03 -1.874658245692494063e+00
2.010000000000000000e+03 2.277251843918584595e-01
2.011000000000000000e+03 -5.264560592418858764e-01
2.012000000000000000e+03 8.650978500786887793e-01
2.013000000000000000e+03 3.665888950042505701e-01
2.014000000000000000e+03 -2.754271052523039713e-03
2.015000000000000000e+03 4.713081354743556273e-02
2.016000000000000000e+03 9.915301263190665626e-01
2.017000000000000000e+03 3.105143891100348719e-01
2.018000000000000000e+03 9.610392382542584100e-01
2.019000000000000000e+03 -1.158394925975458900e+00
