1.979000000000000000e+03 -1.068107625600226873e+00
1.980000000000000000e+03 1.667279656831891277e+00
1.981000000000000000e+03 -2.385858233199558420e-01
1.982000000000000000e+03 4.616984630190149042e-01
1.983000000000000000e+03 -2.196206196667796817e+00
1.984000000000000000e+03 -9.544954867193451431e-01
1.985000000000000000e+03 5.468332069708105037e-01
1.986000000000000000e+03 1.102200384011249978e+00
1.987000000000000000e+03 1.154301678637454698e+00
1.988000000000000000e+03 1.323110249092747548e+00
1.989000000000000000e+03 3.223950945770118759e-01
1.990000000000000000e+03 -8.792631053819297549e-01
1.991000000000000000e+03 8.272799277405040730e-01
1.992000000000000000e+03 -1.047700952565597393e-01
1.993000000000000000e+03 5.499788746232795456e-01
1.994000000000000000e+03 -7.923731877986367467e-02
1.995000000000000000e+03 -3.935579449164898769e-01
1.996000000000000000e+03 -2.300361673154961206e+00
1.997000000000000000e+03 -1.791674679519156932e+00
1.998000000000000000e+03 2.233844096823744074e+00
1.999000000000000000e+03 1.125970304016248091e+00
2.000000000000000000e+03 -6.077870021477633361e-02
2.001000000000000000e+03 2.207064650749154477e+00
2.002000000000000000e+03 -2.469959380593891751e+00
2.003000000000000000e+03 6.794862874860402302e-01
2.004000000000000000e+03 -2.194463167934515457e+00
2.005000000000000000e+03 3.045573810330022280e-01
2.006000000000000000e+03 1.582734260227234513e+00
2.007000000000000000e+03 8.123488860690027957e-01
2.008000000000000000e+03 -3.345794988443619444e-01
2.009000000000000000e+03 -1.673422395796507534e+00
2.010000000000000000e+03 4.375517220236123106e-01
2.011000000000000000e+03 -3.080388338743647592e-01
2.012000000000000000e+03 1.092105763181977052e+00
2.013000000000000000e+03 6.021874958433064418e-01
2.014000000000000000e+03 2.414350175223001216e-01
2.015000000000000000e+03 2.999107898580259945e-01
2.016000000000000000e+03 1.252900790365424344e+00
2.017000000000000000e+03 5.804757408921600303e-01
2.018000000000000000e+03 1.239591277772150946e+00
2.019000000000000000e+03 -8.712521987217991537e-01
