1.979000000000000000e+03 -5.585433077749220043e-01
1.980000000000000000e+03 -1.238037823620292688e+00
1.981000000000000000e+03 3.534522628817536205e+00
1.982000000000000000e+03 -1.647261000333331227e+00
1.983000000000000000e+03 8.513044050898191384e-02
1.984000000000000000e+03 -1.352655561030736475e+00
1.985000000000000000e+03 5.630084974402802533e-01
1.986000000000000000e+03 9.014838831463586333e-01
1.987000000000000000e+03 1.201695010093280835e+00
1.988000000000000000e+03 3.522944857500241445e-01
1.989000000000000000e+03 -3.818095522813173659e+00
1.990000000000000000e+03 1.623147131116030151e+00
1.991000000000000000e+03 3.355211918214103251e-01
1.992000000000000000e+03 2.411117932995888169e-01
1.993000000000000000e+03 5.707757298979740934e-01
1.994000000000000000e+03 1.358914819318849165e+00
1.995000000000000000e+03 3.892367753392096674e-02
1.996000000000000000e+03 -2.944125375614115026e+00
1.997000000000000000e+03 -2.221483308264013967e+00
1.998000000000000000e+03 -8.278273526211367417e-02
1.999000000000000000e+03 2.117577481486994095e+00
2.000000000000000000e+03 3.502002275089671990e+00
2.001000000000000000e+03 1.239053922797520357e+00
2.002000000000000000e+03 -4.299144048187268474e+00
2.003000000000000000e+03 -2.297059221573204635e+00
2.004000000000000000e+03 1.006274413433411175e+00
2.005000000000000000e+03 1.120759399364271713e-01
2.006000000000000000e+03 1.839908611913845471e+00
2.007000000000000000e+03 3.975313758928918362e-01
2.008000000000000000e+03 -1.804214833059008871e+00
2.009000000000000000e+03 -1.786334019883181856e+00
2.010000000000000000e+03 4.298296387341935088e+00
2.011000000000000000e+03 -1.911254249417170925e+00
2.012000000000000000e+03 3.835339945083687585e+00
2.013000000000000000e+03 -1.467650279342279374e-01
2.014000000000000000e+03 -4.012133110403163450e+00
2.015000000000000000e+03 3.417444143992033334e-01
2.016000000000000000e+03 1.520238321950884375e+00
2.017000000000000000e+03 -5.906743072599052180e-01
2.018000000000000000e+03 3.754271596156290025e-01
2.019000000000000000e+03 -6.814360852565095605e-01
