1.979000000000000000e+03 -2.985091659002754749e+00
1.980000000000000000e+03 -6.082124640961253936e-01
1.981000000000000000e+03 2.255851703895481286e+00
1.982000000000000000e+03 -6.078674739333495225e+00
1.983000000000000000e+03 1.484637642187171647e+00
1.984000000000000000e+03 -1.310513170810654993e+00
1.985000000000000000e+03 -6.718378934164210836e-01
1.986000000000000000e+03 1.415241119438492179e+00
1.987000000000000000e+03 3.293132102360694091e+00
1.988000000000000000e+03 -1.706890313535690318e+00
1.989000000000000000e+03 3.427521263891346037e-01
1.990000000000000000e+03 2.146491745431264420e+00
1.991000000000000000e+03 -3.114240495120225383e+00
1.992000000000000000e+03 2.308685743096367649e+00
1.993000000000000000e+03 -3.045682314671706026e-01
1.994000000000000000e+03 -5.359965830469616499e+00
1.995000000000000000e+03 1.745871510089061163e+00
1.996000000000000000e+03 -3.856785062869310554e+00
1.997000000000000000e+03 -1.915104606481041749e+00
1.998000000000000000e+03 -2.153765889130045130e-01
1.999000000000000000e+03 -3.863532642181699006e-01
2.000000000000000000e+03 -3.922090735280752694e-01
2.001000000000000000e+03 2.883705115960295995e+00
2.002000000000000000e+03 1.240256457032038240e+00
2.003000000000000000e+03 6.456045776710591655e-01
2.004000000000000000e+03 -3.295367874317682855e+00
2.005000000000000000e+03 -1.598401479891672361e+00
2.006000000000000000e+03 5.525834163533760446e+00
2.007000000000000000e+03 2.397568515422720203e+00
2.008000000000000000e+03 1.151625330362277211e+00
2.009000000000000000e+03 -1.293209218696707463e+00
2.010000000000000000e+03 2.662239990199119166e+00
2.011000000000000000e+03 2.362811229973402483e-01
2.012000000000000000e+03 2.553715238929829656e+00
2.013000000000000000e+03 3.161628756276356200e-01
2.014000000000000000e+03 -1.642239265524348124e-01
2.015000000000000000e+03 3.009815924644199669e-01
2.016000000000000000e+03 3.089314530538656900e+00
2.017000000000000000e+03 3.142471788422006362e+00
2.018000000000000000e+03 1.826090179521503154e-01
2.019000000000000000e+03 -3.994481040016076845e-01
