1.979000000000000000e+03 5.480123389285486146e-01
1.980000000000000000e+03 8.596859254567459363e-01
1.981000000000000000e+03 -2.354762647882967297e+00
1.982000000000000000e+03 1.019329520073541495e+00
1.983000000000000000e+03 -8.436983023061481735e-01
1.984000000000000000e+03 -1.914090138579029210e+00
1.985000000000000000e+03 -6.166965632152278110e-01
1.986000000000000000e+03 2.704874159574684356e+00
1.987000000000000000e+03 -2.013386461842686381e-01
1.988000000000000000e+03 -1.399452696155092157e+00
1.989000000000000000e+03 -1.410475797990840219e+00
1.990000000000000000e+03 -1.150891883836557827e+00
1.991000000000000000e+03 9.434738980684297394e-01
1.992000000000000000e+03 -1.697794568328564679e+00
1.993000000000000000e+03 -3.163726870750859010e+00
1.994000000000000000e+03 1.098100540433353922e+00
1.995000000000000000e+03 -1.734855394569582154e+00
1.996000000000000000e+03 -8.220844679522596454e-01
1.997000000000000000e+03 2.775078651866632828e+00
1.998000000000000000e+03 1.490768680106489441e+00
1.999000000000000000e+03 1.919846413975856425e+00
2.000000000000000000e+03 -1.031983228968273769e+00
2.001000000000000000e+03 1.951944013697900049e+00
2.002000000000000000e+03 3.105904308296291924e-02
2.003000000000000000e+03 5.071329449743110507e-01
2.004000000000000000e+03 -3.946365896292252096e-01
2.005000000000000000e+03 2.450492344883573370e+00
2.006000000000000000e+03 1.538771248075410991e+00
2.007000000000000000e+03 -4.115419537636258451e-01
2.008000000000000000e+03 -1.443311689006088194e+00
2.009000000000000000e+03 1.622148397842176237e+00
2.010000000000000000e+03 5.383215824632882063e-01
2.011000000000000000e+03 2.836338330672720787e+00
2.012000000000000000e+03 7.304168433228825918e-01
2.013000000000000000e+03 -2.465612572701664895e+00
2.014000000000000000e+03 -4.733209994428730361e-01
2.015000000000000000e+03 3.207017718867338552e+00
2.016000000000000000e+03 1.571766842057929381e+00
2.017000000000000000e+03 -8.148441508049876214e-01
2.018000000000000000e+03 -8.028643706507910816e-01
2.019000000000000000e+03 1.822549063183945162e+00
