1.979000000000000000e+03 -1.682305243530949124e+00
1.980000000000000000e+03 -3.444531469692634129e+00
1.981000000000000000e+03 -6.670414489585073659e-01
1.982000000000000000e+03 1.485311336910073443e-01
1.983000000000000000e+03 -1.540501218522119853e+00
1.984000000000000000e+03 6.833723627401226963e-01
1.985000000000000000e+03 1.587387068200406981e+00
1.986000000000000000e+03 7.828333715868350806e-01
1.987000000000000000e+03 -2.072669934879085130e+00
1.988000000000000000e+03 -2.435083534092594704e+00
1.989000000000000000e+03 1.752133033925957761e+00
1.990000000000000000e+03 4.789177927243567501e-01
1.991000000000000000e+03 -1.936066913216094365e+00
1.992000000000000000e+03 1.691118657406883941e+00
1.993000000000000000e+03 -2.327771272128568381e+00
1.994000000000000000e+03 9.412524890451023918e-03
1.995000000000000000e+03 -1.527870506597768463e+00
1.996000000000000000e+03 5.634289850632667740e-01
1.997000000000000000e+03 -1.850041053456120688e+00
1.998000000000000000e+03 -2.629330937321067818e+00
1.999000000000000000e+03 7.478226237520179120e-01
2.000000000000000000e+03 1.319569130086515107e+00
2.001000000000000000e+03 2.204403832349161707e+00
2.002000000000000000e+03 1.864038206268225251e+00
2.003000000000000000e+03 -1.440685788818642843e+00
2.004000000000000000e+03 -1.810607022533748278e+00
2.005000000000000000e+03 -8.113639382100517050e-01
2.006000000000000000e+03 2.950580245230666865e+00
2.007000000000000000e+03 4.310322559429106692e-01
2.008000000000000000e+03 2.327423400252165209e+00
2.009000000000000000e+03 9.707514508409319509e-01
2.010000000000000000e+03 5.362774937824908994e-01
2.011000000000000000e+03 -1.371283177172368806e+00
2.012000000000000000e+03 1.914776938720023525e+00
2.013000000000000000e+03 4.265898770454869648e+00
2.014000000000000000e+03 6.032463067272200163e-01
2.015000000000000000e+03 -1.074219196945272348e+00
2.016000000000000000e+03 -1.857573741517475119e+00
2.017000000000000000e+03 -3.143840147313787803e+00
2.018000000000000000e+03 -2.879902269051919372e+00
2.019000000000000000e+03 -1.634405866059775725e-01
