1.979000000000000000e+03 -3.087755836666305154e+00
1.980000000000000000e+03 -5.531390400849271138e+00
1.981000000000000000e+03 -2.025864040402659327e+00
1.982000000000000000e+03 2.894335153481246148e-01
1.983000000000000000e+03 -1.523278441204536149e+00
1.984000000000000000e+03 1.681388562920435925e+00
1.985000000000000000e+03 -2.349201959034303844e+00
1.986000000000000000e+03 1.175656488004521272e+00
1.987000000000000000e+03 9.269302736182469804e-01
1.988000000000000000e+03 -3.845482811195516160e+00
1.989000000000000000e+03 2.039179443329881103e+00
1.990000000000000000e+03 -4.772990163253274076e+00
1.991000000000000000e+03 -4.362224786162944845e+00
1.992000000000000000e+03 4.294241572001066487e+00
1.993000000000000000e+03 -2.754044442073479093e+00
1.994000000000000000e+03 -2.901197271692606883e+00
1.995000000000000000e+03 -3.349507403634287783e+00
1.996000000000000000e+03 1.849536981717948558e+00
1.997000000000000000e+03 -3.001549134217271320e+00
1.998000000000000000e+03 -3.898980319309623965e+00
1.999000000000000000e+03 1.934065232653715771e+00
2.000000000000000000e+03 4.298054106976350930e+00
2.001000000000000000e+03 3.922820151769843999e+00
2.002000000000000000e+03 -2.193815331689715098e+00
2.003000000000000000e+03 1.271097666954354111e+00
2.004000000000000000e+03 -8.418341510524863791e-01
2.005000000000000000e+03 -1.238073774830390272e+00
2.006000000000000000e+03 3.751737294468022288e+00
2.007000000000000000e+03 3.703745693503420977e+00
2.008000000000000000e+03 -2.975453559376125545e-01
2.009000000000000000e+03 4.193373307267069805e+00
2.010000000000000000e+03 4.024329095157948011e+00
2.011000000000000000e+03 -2.587442134205666378e+00
2.012000000000000000e+03 1.929563384242423352e+00
2.013000000000000000e+03 3.689211465558742020e+00
2.014000000000000000e+03 6.178317895908868707e+00
2.015000000000000000e+03 -4.517556689155932226e+00
2.016000000000000000e+03 2.009233279191531829e-01
2.017000000000000000e+03 -2.625449639729521500e+00
2.018000000000000000e+03 -2.330076173872649647e+00
2.019000000000000000e+03 -3.729330791262577272e-01
