1.979000000000000000e+03 5.662222755512744676e-01
1.980000000000000000e+03 -6.382104940501596158e-01
1.981000000000000000e+03 -5.792206810676524320e+00
1.982000000000000000e+03 6.481310519353743693e+00
1.983000000000000000e+03 -3.993370859121279537e+00
1.984000000000000000e+03 1.198572683025077135e+00
1.985000000000000000e+03 2.183015345752286951e+00
1.986000000000000000e+03 -1.026523950279864206e+00
1.987000000000000000e+03 -3.744568182383164245e+00
1.988000000000000000e+03 -2.207144663580468347e+00
1.989000000000000000e+03 6.600946536164059353e+00
1.990000000000000000e+03 2.519349837211485976e+00
1.991000000000000000e+03 1.219110913713344679e+00
1.992000000000000000e+03 -1.695604948779483756e+00
1.993000000000000000e+03 -2.339667495496208005e+00
1.994000000000000000e+03 3.204121069682261069e+00
1.995000000000000000e+03 4.733708883767850040e+00
1.996000000000000000e+03 1.557074109132973394e+00
1.997000000000000000e+03 -6.035434597918796218e-01
1.998000000000000000e+03 -4.678707338924241732e+00
1.999000000000000000e+03 -1.070890070412130912e+00
2.000000000000000000e+03 -4.855545558137418283e+00
2.001000000000000000e+03 -2.858437354555841026e+00
2.002000000000000000e+03 9.758923881424682589e-01
2.003000000000000000e+03 -3.794817007222444083e-01
2.004000000000000000e+03 -1.301788432409789475e+00
2.005000000000000000e+03 -2.065703242054334865e+00
2.006000000000000000e+03 3.148414174537041532e+00
2.007000000000000000e+03 2.244515008412125479e+00
2.008000000000000000e+03 4.267539646703395473e-01
2.009000000000000000e+03 5.523431957579918006e+00
2.010000000000000000e+03 -2.082858387035544379e+00
2.011000000000000000e+03 6.310035807341926040e-01
2.012000000000000000e+03 1.149853347338036791e+00
2.013000000000000000e+03 -9.484475896053573551e-01
2.014000000000000000e+03 -3.616716708079834031e-01
2.015000000000000000e+03 3.670752315312193925e+00
2.016000000000000000e+03 -6.549020498438800963e+00
2.017000000000000000e+03 2.953320918891259694e+00
2.018000000000000000e+03 3.108785210970101520e+00
2.019000000000000000e+03 -4.902762332679317048e+00
