1.979000000000000000e+03 7.537447505449075713e+00
1.980000000000000000e+03 -6.021028924671139038e+00
1.981000000000000000e+03 -2.224228200124165777e+00
1.982000000000000000e+03 1.089333822674232266e+01
1.983000000000000000e+03 -8.498108161136190830e+00
1.984000000000000000e+03 3.728362999629863950e+00
1.985000000000000000e+03 1.017760838613736141e+01
1.986000000000000000e+03 -3.491231982820801605e+00
1.987000000000000000e+03 -2.416811839004824325e+00
1.988000000000000000e+03 -5.732211412497915326e+00
1.989000000000000000e+03 4.395085896980585716e+00
1.990000000000000000e+03 1.158925956431464144e+01
1.991000000000000000e+03 -7.780094292651426047e-01
1.992000000000000000e+03 3.713557862330870485e+00
1.993000000000000000e+03 -8.573964449255749187e+00
1.994000000000000000e+03 3.533088364218076372e+00
1.995000000000000000e+03 3.438624217719483234e+00
1.996000000000000000e+03 4.917524939963416886e-01
1.997000000000000000e+03 -5.671985613922344349e+00
1.998000000000000000e+03 -8.612262017490110111e+00
1.999000000000000000e+03 -2.503351389926452342e+00
2.000000000000000000e+03 -1.394065802268826637e+01
2.001000000000000000e+03 -4.430982792451656493e+00
2.002000000000000000e+03 9.142588226634021931e-01
2.003000000000000000e+03 -6.794860783307897778e-01
2.004000000000000000e+03 -9.418279545872348280e+00
2.005000000000000000e+03 -1.663281481181080101e+00
2.006000000000000000e+03 3.759584081624475882e+00
2.007000000000000000e+03 2.796643920854814322e-02
2.008000000000000000e+03 -2.184236289771463113e+00
2.009000000000000000e+03 4.635938450594637494e+00
2.010000000000000000e+03 -5.506188833522086129e-02
2.011000000000000000e+03 1.124521374874376711e+01
2.012000000000000000e+03 -5.511214617830891171e+00
2.013000000000000000e+03 -1.536330706151224357e+00
2.014000000000000000e+03 8.554800646191475622e+00
2.015000000000000000e+03 6.725738764773257827e+00
2.016000000000000000e+03 -7.664708522388488987e+00
2.017000000000000000e+03 2.463888845084771351e+00
2.018000000000000000e+03 4.177417326899781180e+00
2.019000000000000000e+03 -3.954992781864664630e-01
