1.979000000000000000e+03 -4.095000952467260369e+00
1.980000000000000000e+03 7.932372112200364533e+00
1.981000000000000000e+03 -8.660775602786502603e+00
1.982000000000000000e+03 4.757190476646224297e+00
1.983000000000000000e+03 4.075186057032995635e-01
1.984000000000000000e+03 4.302408934662824258e+00
1.985000000000000000e+03 -9.177794598050546426e+00
1.986000000000000000e+03 -8.731895167410864689e-01
1.987000000000000000e+03 -6.076653868976078066e+00
1.988000000000000000e+03 -4.635175432701184484e+00
1.989000000000000000e+03 5.367089204909461841e+00
1.990000000000000000e+03 -3.505114777739502863e+00
1.991000000000000000e+03 5.588136249885446993e+00
1.992000000000000000e+03 -8.176679789705136869e+00
1.993000000000000000e+03 6.044173445962600866e+00
1.994000000000000000e+03 3.297772918938716824e+00
1.995000000000000000e+03 1.561179370504719000e+00
1.996000000000000000e+03 4.153290835275813997e+00
1.997000000000000000e+03 -1.007570134438017462e+00
1.998000000000000000e+03 -1.358467102824767681e+00
1.999000000000000000e+03 2.415222535037995222e+00
2.000000000000000000e+03 9.842434994544797533e+00
2.001000000000000000e+03 -6.294060864656360721e+00
2.002000000000000000e+03 1.421525552949877147e+00
2.003000000000000000e+03 -4.030752129026058839e+00
2.004000000000000000e+03 3.430128463559846796e+00
2.005000000000000000e+03 -1.435427189825306538e-01
2.006000000000000000e+03 3.936463966557442795e+00
2.007000000000000000e+03 -3.397810784464678768e-01
2.008000000000000000e+03 1.561907196700751399e+00
2.009000000000000000e+03 5.296812745893995533e+00
2.010000000000000000e+03 -1.299190087307372066e+00
2.011000000000000000e+03 -3.838732336979003623e+00
2.012000000000000000e+03 7.593218993915764159e+00
2.013000000000000000e+03 -2.408908711949316661e+00
2.014000000000000000e+03 -6.103137303432034422e+00
2.015000000000000000e+03 2.065951697249464925e+00
2.016000000000000000e+03 -9.513365909038913770e+00
2.017000000000000000e+03 4.218572405221630461e+00
2.018000000000000000e+03 2.004025196405455844e+00
2.019000000000000000e+03 -5.659502986478352149e+00
