1.979000000000000000e+03 2.645529074352904964e+00
1.980000000000000000e+03 -7.779893177034440388e-01
1.981000000000000000e+03 6.416792250800883224e+00
1.982000000000000000e+03 -3.454952843831424314e+00
1.983000000000000000e+03 3.171155800800708136e+00
1.984000000000000000e+03 1.375036350216665593e+00
1.985000000000000000e+03 -4.173629113900437559e+00
1.986000000000000000e+03 -6.467974210053943018e+00
1.987000000000000000e+03 -3.493261510210509346e+00
1.988000000000000000e+03 3.188020948809980215e+00
1.989000000000000000e+03 2.853976065268805762e+00
1.990000000000000000e+03 2.656693980335774530e+00
1.991000000000000000e+03 -2.318208719568990883e+00
1.992000000000000000e+03 1.018333228102007881e+00
1.993000000000000000e+03 1.559842096968231839e+00
1.994000000000000000e+03 -4.392796952882416228e-02
1.995000000000000000e+03 -7.666123843181367192e-01
1.996000000000000000e+03 4.506829432552297843e-01
1.997000000000000000e+03 -3.036071338216618898e+00
1.998000000000000000e+03 1.456119059355972301e+00
1.999000000000000000e+03 1.203569265372918862e+00
2.000000000000000000e+03 -6.770272277423083018e+00
2.001000000000000000e+03 1.063595440439973228e+00
2.002000000000000000e+03 -4.299174368057028239e+00
2.003000000000000000e+03 -4.476110889288509753e+00
2.004000000000000000e+03 2.645935901974759696e-01
2.005000000000000000e+03 1.551498905918383131e-01
2.006000000000000000e+03 -1.608919583867707725e+00
2.007000000000000000e+03 3.736794860617237979e-01
2.008000000000000000e+03 6.795196872899144758e+00
2.009000000000000000e+03 -1.250370815071895958e+00
2.010000000000000000e+03 7.888970443328707560e+00
2.011000000000000000e+03 3.156195459011784110e-01
2.012000000000000000e+03 -2.447869457781248759e-01
2.013000000000000000e+03 2.551872151205908157e+00
2.014000000000000000e+03 1.308771098015550249e+00
2.015000000000000000e+03 -7.965391823801994065e+00
2.016000000000000000e+03 3.043987718487447314e+00
2.017000000000000000e+03 2.068904172103535721e+00
2.018000000000000000e+03 -2.833575051391126198e+00
2.019000000000000000e+03 1.551376891392335922e-01
