1.979000000000000000e+03 -1.066596424483052585e+00
1.980000000000000000e+03 -2.848835928406976414e+00
1.981000000000000000e+03 -9.135918543508764200e-02
1.982000000000000000e+03 7.042001194521885221e-01
1.983000000000000000e+03 -1.004845510523176833e+00
1.984000000000000000e+03 1.199014792976826893e+00
1.985000000000000000e+03 2.083016220674872798e+00
1.986000000000000000e+03 1.258449246299062851e+00
1.987000000000000000e+03 -1.617067337929095627e+00
1.988000000000000000e+03 -1.999494214904844025e+00
1.989000000000000000e+03 2.167709075351470283e+00
1.990000000000000000e+03 8.744805563876308918e-01
1.991000000000000000e+03 -1.560517427315058825e+00
1.992000000000000000e+03 2.046654865545681545e+00
1.993000000000000000e+03 -1.992248341752009377e+00
1.994000000000000000e+03 3.249221775047717031e-01
1.995000000000000000e+03 -1.232374131745686663e+00
1.996000000000000000e+03 8.389120821531106387e-01
1.997000000000000000e+03 -1.594571234128515425e+00
1.998000000000000000e+03 -2.393874395755700490e+00
1.999000000000000000e+03 9.632658875551464162e-01
2.000000000000000000e+03 1.514999116127405454e+00
2.001000000000000000e+03 2.379820540627813230e+00
2.002000000000000000e+03 2.019441636784638838e+00
2.003000000000000000e+03 -1.305295636064467635e+00
2.004000000000000000e+03 -1.695230147541812116e+00
2.005000000000000000e+03 -7.160003409803537000e-01
2.006000000000000000e+03 3.025930564698126268e+00
2.007000000000000000e+03 4.863692976481318042e-01
2.008000000000000000e+03 2.362747164195148297e+00
2.009000000000000000e+03 9.860619370216764379e-01
2.010000000000000000e+03 5.315747022009971179e-01
2.011000000000000000e+03 -1.395999246516101300e+00
2.012000000000000000e+03 1.870047591614052651e+00
2.013000000000000000e+03 4.201156145586660173e+00
2.014000000000000000e+03 5.184904040967724947e-01
2.015000000000000000e+03 -1.178988377337958360e+00
2.016000000000000000e+03 -1.982356199672399510e+00
2.017000000000000000e+03 -3.288635883230950796e+00
2.018000000000000000e+03 -3.044711282731320079e+00
2.019000000000000000e+03 -3.482628780476171859e-01
