1.979000000000000000e+03 -5.132485484041814372e-01
1.980000000000000000e+03 1.332510032748619233e+00
1.981000000000000000e+03 8.600590994037465853e-01
1.982000000000000000e+03 -1.263501696770688243e+00
1.983000000000000000e+03 -2.020701612224040655e-01
1.984000000000000000e+03 1.198096782521800296e+00
1.985000000000000000e+03 1.370069669774703014e+00
1.986000000000000000e+03 -8.127856663260939474e-01
1.987000000000000000e+03 -8.106626866522836927e-01
1.988000000000000000e+03 -6.155058775162721707e-01
1.989000000000000000e+03 -1.943479701062511000e-01
1.990000000000000000e+03 -1.394369412564280708e+00
1.991000000000000000e+03 2.378087275133250744e-01
1.992000000000000000e+03 -2.019671880674376752e+00
1.993000000000000000e+03 5.403505421133746323e-01
1.994000000000000000e+03 3.461633815394939417e-01
1.995000000000000000e+03 6.030210203278035808e-01
1.996000000000000000e+03 1.895483120671441757e+00
1.997000000000000000e+03 -3.503260624705326759e-02
1.998000000000000000e+03 6.354892921219729152e-01
1.999000000000000000e+03 -1.801662297002523339e+00
2.000000000000000000e+03 6.055918595434852669e-01
2.001000000000000000e+03 1.256438222810554617e+00
2.002000000000000000e+03 5.238223990540441521e-01
2.003000000000000000e+03 -1.898956494787676641e-01
2.004000000000000000e+03 -8.410134777018958285e-01
2.005000000000000000e+03 -5.018688848066847896e-01
2.006000000000000000e+03 1.020416026013318378e+00
2.007000000000000000e+03 3.818747500673047024e-01
2.008000000000000000e+03 1.448867276022093586e-01
2.009000000000000000e+03 -1.534976243030219623e+00
2.010000000000000000e+03 -3.329852238227354877e-01
2.011000000000000000e+03 -2.434578469313682270e+00
2.012000000000000000e+03 6.303455434821975123e-02
2.013000000000000000e+03 1.471488028363613365e-01
2.014000000000000000e+03 5.226274828813797235e-01
2.015000000000000000e+03 1.478358500570919332e-01
2.016000000000000000e+03 2.127566757488880356e+00
2.017000000000000000e+03 -1.209379490717635397e+00
2.018000000000000000e+03 -3.999019361119366955e-01
2.019000000000000000e+03 1.147163077030836309e+00
