1.979000000000000000e+03 1.591843725287856115e+00
1.980000000000000000e+03 -6.145518837365928633e+00
1.981000000000000000e+03 -5.496966330729864403e+00
1.982000000000000000e+03 6.287299748681358658e+00
1.983000000000000000e+03 -7.166913259477535547e+00
1.984000000000000000e+03 -1.243469986655580062e+00
1.985000000000000000e+03 7.056268897874098833e+00
1.986000000000000000e+03 -1.827369462746674111e+00
1.987000000000000000e+03 -3.219730510701948045e+00
1.988000000000000000e+03 -1.551361326553165387e+00
1.989000000000000000e+03 6.742616278340485714e+00
1.990000000000000000e+03 5.139296345318284942e+00
1.991000000000000000e+03 -1.274714429659212112e+00
1.992000000000000000e+03 1.318592920479009223e+00
1.993000000000000000e+03 -6.674954393347761972e+00
1.994000000000000000e+03 3.096901842014072148e+00
1.995000000000000000e+03 6.342553461441647222e+00
1.996000000000000000e+03 3.645186911859466528e-01
1.997000000000000000e+03 -2.130040532622255178e-01
1.998000000000000000e+03 -6.067328263685205059e+00
1.999000000000000000e+03 -2.459474055766247336e+00
2.000000000000000000e+03 -1.176709039302540027e+01
2.001000000000000000e+03 -6.202070339702705493e-01
2.002000000000000000e+03 1.356467495356263209e+00
2.003000000000000000e+03 2.132518327129340197e+00
2.004000000000000000e+03 -2.898408942612743289e+00
2.005000000000000000e+03 -2.174472441726189142e+00
2.006000000000000000e+03 3.689673464473066655e+00
2.007000000000000000e+03 4.554920361869828405e+00
2.008000000000000000e+03 9.604077827657256927e-01
2.009000000000000000e+03 6.820945121615648254e+00
2.010000000000000000e+03 -1.207515854624681140e+00
2.011000000000000000e+03 4.216021345947921439e+00
2.012000000000000000e+03 -6.387065455115067403e-01
2.013000000000000000e+03 1.297879026088115006e+00
2.014000000000000000e+03 4.108130324107727382e+00
2.015000000000000000e+03 6.155194927029414842e+00
2.016000000000000000e+03 -3.301832366370700544e+00
2.017000000000000000e+03 4.168683726576303705e+00
2.018000000000000000e+03 5.592126893184836689e+00
2.019000000000000000e+03 -2.510457206765216664e+00
