1.979000000000000000e+03 -2.433392744794275142e+00
1.980000000000000000e+03 -5.973230494550532121e+00
1.981000000000000000e+03 -1.458373613779707423e+00
1.982000000000000000e+03 5.498305728245799884e+00
1.983000000000000000e+03 -2.132993172791178171e+00
1.984000000000000000e+03 2.260754073796197972e+00
1.985000000000000000e+03 5.232256623337262269e+00
1.986000000000000000e+03 4.155521465604633313e+00
1.987000000000000000e+03 -3.610987917051788454e+00
1.988000000000000000e+03 -2.049346689130857602e+00
1.989000000000000000e+03 1.200711249641082334e+00
1.990000000000000000e+03 6.069781154354941144e+00
1.991000000000000000e+03 -2.682812446388388228e+00
1.992000000000000000e+03 4.462525636825689368e+00
1.993000000000000000e+03 -4.993664534104263808e+00
1.994000000000000000e+03 6.519166416421154908e-01
1.995000000000000000e+03 -2.874252059441574580e+00
1.996000000000000000e+03 -3.066602773994122622e+00
1.997000000000000000e+03 -3.165660981686761577e+00
1.998000000000000000e+03 -4.649909779379212793e+00
1.999000000000000000e+03 2.311746901266749532e+00
2.000000000000000000e+03 -3.995931058306838035e-01
2.001000000000000000e+03 -3.064439330965147978e-01
2.002000000000000000e+03 8.823994841110264886e+00
2.003000000000000000e+03 -3.198173547448638132e+00
2.004000000000000000e+03 -6.252404821903721377e+00
2.005000000000000000e+03 -2.140891574220460114e-01
2.006000000000000000e+03 2.344174844227809196e+00
2.007000000000000000e+03 -5.596700037152553264e+00
2.008000000000000000e+03 5.099877798880416258e+00
2.009000000000000000e+03 3.038905206426076311e-01
2.010000000000000000e+03 -1.763448908973783258e+00
2.011000000000000000e+03 1.176324779968784373e+00
2.012000000000000000e+03 3.290795511830372444e+00
2.013000000000000000e+03 8.500895954271223687e+00
2.014000000000000000e+03 -7.010800320946222186e+00
2.015000000000000000e+03 -7.815694297412703051e-01
2.016000000000000000e+03 -7.316829664952078538e+00
2.017000000000000000e+03 -4.607690389476013948e+00
2.018000000000000000e+03 -5.420207470423733298e+00
2.019000000000000000e+03 -3.937317115232504161e+00
