1.979000000000000000e+03 -2.998547761931753985e+00
1.980000000000000000e+03 -6.480233832314008069e+00
1.981000000000000000e+03 -1.907225272169178698e+00
1.982000000000000000e+03 5.107605749230333281e+00
1.983000000000000000e+03 -2.465541472432641878e+00
1.984000000000000000e+03 1.986357453528737604e+00
1.985000000000000000e+03 5.016011682443806130e+00
1.986000000000000000e+03 3.997428204085181402e+00
1.987000000000000000e+03 -3.710929499197237025e+00
1.988000000000000000e+03 -2.091136591902302833e+00
1.989000000000000000e+03 1.217073026243641332e+00
1.990000000000000000e+03 6.144294610331503925e+00
1.991000000000000000e+03 -2.550147311037821662e+00
1.992000000000000000e+03 4.653342451550260606e+00
1.993000000000000000e+03 -4.744696040005689675e+00
1.994000000000000000e+03 9.590368151146931863e-01
1.995000000000000000e+03 -2.508980206594992879e+00
1.996000000000000000e+03 -2.643179241773536692e+00
1.997000000000000000e+03 -2.684085770092171863e+00
1.998000000000000000e+03 -4.110182888410619739e+00
1.999000000000000000e+03 2.909625471609346370e+00
2.000000000000000000e+03 2.564371438859169849e-01
2.001000000000000000e+03 4.077379959940896637e-01
2.002000000000000000e+03 9.596328449574873076e+00
2.003000000000000000e+03 -2.367688259610025714e+00
2.004000000000000000e+03 -5.363767854691105619e+00
2.005000000000000000e+03 7.326994891645739472e-01
2.006000000000000000e+03 3.349115170188432966e+00
2.007000000000000000e+03 -4.533608031817925266e+00
2.008000000000000000e+03 6.221121483589047152e+00
2.009000000000000000e+03 1.483285884725242365e+00
2.010000000000000000e+03 -5.259018655171442402e-01
2.011000000000000000e+03 2.472023502799427064e+00
2.012000000000000000e+03 4.644645914035018919e+00
2.013000000000000000e+03 9.912898035849872613e+00
2.014000000000000000e+03 -5.540646559993567699e+00
2.015000000000000000e+03 7.467360105853874108e-01
2.016000000000000000e+03 -5.730372545251415595e+00
2.017000000000000000e+03 -2.963081590401348997e+00
2.018000000000000000e+03 -3.717446991975063675e+00
2.019000000000000000e+03 -2.176404957409831198e+00
