1.979000000000000000e+03 -5.192199654747549076e+00
1.980000000000000000e+03 6.885903618552513983e+00
1.981000000000000000e+03 -9.656513887801919438e+00
1.982000000000000000e+03 3.812182400263246951e+00
1.983000000000000000e+03 -4.867592620472417364e-01
1.984000000000000000e+03 3.458861275544719227e+00
1.985000000000000000e+03 -9.970612048536214189e+00
1.986000000000000000e+03 -1.615276758594317741e+00
1.987000000000000000e+03 -6.768010902196872181e+00
1.988000000000000000e+03 -5.275802257289542219e+00
1.989000000000000000e+03 4.777192588953540486e+00
1.990000000000000000e+03 -4.044281185062986950e+00
1.991000000000000000e+03 5.099700051194399286e+00
1.992000000000000000e+03 -8.614385779763749085e+00
1.993000000000000000e+03 5.657197664536427695e+00
1.994000000000000000e+03 2.961527346144979589e+00
1.995000000000000000e+03 1.275664006343418144e+00
1.996000000000000000e+03 3.918505679746949966e+00
1.997000000000000000e+03 -1.191625081334444003e+00
1.998000000000000000e+03 -1.491791841088758730e+00
1.999000000000000000e+03 2.332628005406441218e+00
2.000000000000000000e+03 9.810570673545679909e+00
2.001000000000000000e+03 -6.275194977023041076e+00
2.002000000000000000e+03 1.491121649215633393e+00
2.003000000000000000e+03 -3.910425824127865102e+00
2.004000000000000000e+03 3.601184977090476469e+00
2.005000000000000000e+03 7.824400318053613412e-02
2.006000000000000000e+03 4.208980897352945227e+00
2.007000000000000000e+03 -1.653393901852799261e-02
2.008000000000000000e+03 1.935884544761127923e+00
2.009000000000000000e+03 5.721520302586807993e+00
2.010000000000000000e+03 -8.237523219821222265e-01
2.011000000000000000e+03 -3.312564363021316627e+00
2.012000000000000000e+03 8.170117176505888423e+00
2.013000000000000000e+03 -1.781280320726756683e+00
2.014000000000000000e+03 -5.424778703577037398e+00
2.015000000000000000e+03 2.795040505736898773e+00
2.016000000000000000e+03 -8.733546891919042210e+00
2.017000000000000000e+03 5.049121630973936625e+00
2.018000000000000000e+03 2.885304630790200608e+00
2.019000000000000000e+03 -4.727493343461171449e+00
