1.979000000000000000e+03 1.999201957559759268e+00
1.980000000000000000e+03 -1.384603521740377374e+00
1.981000000000000000e+03 5.849890959520164024e+00
1.982000000000000000e+03 -3.982141222355931376e+00
1.983000000000000000e+03 2.683680335032413211e+00
1.984000000000000000e+03 9.272737972045841381e-01
1.985000000000000000e+03 -4.581678754156305544e+00
1.986000000000000000e+03 -6.836310937553599310e+00
1.987000000000000000e+03 -3.821885324953951724e+00
1.988000000000000000e+03 2.899110046822749531e+00
1.989000000000000000e+03 2.604778076037788992e+00
1.990000000000000000e+03 2.447208903860971230e+00
1.991000000000000000e+03 -2.487980883287582046e+00
1.992000000000000000e+03 8.882739771396298556e-01
1.993000000000000000e+03 1.469495758762066728e+00
1.994000000000000000e+03 -9.456139497877655287e-02
1.995000000000000000e+03 -7.775328970118760008e-01
1.996000000000000000e+03 4.794753433177034174e-01
1.997000000000000000e+03 -2.967566025397932350e+00
1.998000000000000000e+03 1.564337284930871652e+00
1.999000000000000000e+03 1.351500403704031239e+00
2.000000000000000000e+03 -6.582628226335758725e+00
2.001000000000000000e+03 1.290952404283511434e+00
2.002000000000000000e+03 -4.032104491457277895e+00
2.003000000000000000e+03 -4.169328099932545939e+00
2.004000000000000000e+03 6.110892923096526985e-01
2.005000000000000000e+03 5.413585054602281232e-01
2.006000000000000000e+03 -1.182998056243104834e+00
2.007000000000000000e+03 8.393139264425394375e-01
2.008000000000000000e+03 7.300544226036174145e+00
2.009000000000000000e+03 -7.053105491786544334e-01
2.010000000000000000e+03 8.473743621978160334e+00
2.011000000000000000e+03 9.401056373068457095e-01
2.012000000000000000e+03 4.194120583837553928e-01
2.013000000000000000e+03 3.255784068124001340e+00
2.014000000000000000e+03 2.052395927689856236e+00
2.015000000000000000e+03 -7.182054081371474830e+00
2.016000000000000000e+03 3.867038373674179130e+00
2.017000000000000000e+03 2.931667740046481008e+00
2.018000000000000000e+03 -1.931098570691968108e+00
2.019000000000000000e+03 1.097327082594604208e+00
