1.979000000000000000e+03 2.896833889560549657e+00
1.980000000000000000e+03 -4.923501797175418027e+00
1.981000000000000000e+03 -4.357922414621535623e+00
1.982000000000000000e+03 7.343370540707507388e+00
1.983000000000000000e+03 -6.193815591533569531e+00
1.984000000000000000e+03 -3.533454427937970932e-01
1.985000000000000000e+03 7.863420317653698532e+00
1.986000000000000000e+03 -1.103191167049255572e+00
1.987000000000000000e+03 -2.578525339086712442e+00
1.988000000000000000e+03 -9.931292790201107223e-01
1.989000000000000000e+03 7.217875201791356332e+00
1.990000000000000000e+03 5.531582144686976399e+00
1.991000000000000000e+03 -9.654017543727043682e-01
1.992000000000000000e+03 1.544932471683335695e+00
1.993000000000000000e+03 -6.531587966225619546e+00
1.994000000000000000e+03 3.157295145054033636e+00
1.995000000000000000e+03 6.319973640399425108e+00
1.996000000000000000e+03 2.589657460615444329e-01
1.997000000000000000e+03 -4.015301224688100357e-01
1.998000000000000000e+03 -6.338827456973972652e+00
1.999000000000000000e+03 -2.813946373137195867e+00
2.000000000000000000e+03 -1.220453583447853063e+01
2.001000000000000000e+03 -1.140625599505583176e+00
2.002000000000000000e+03 7.530758057387685334e-01
2.003000000000000000e+03 1.446153513429663251e+00
2.004000000000000000e+03 -3.667746880394602726e+00
2.005000000000000000e+03 -3.026783503590229962e+00
2.006000000000000000e+03 2.754389278526843121e+00
2.007000000000000000e+03 3.536663051841423044e+00
2.008000000000000000e+03 -1.408226513448615491e-01
2.009000000000000000e+03 5.636741563422878798e+00
2.010000000000000000e+03 -2.474692536899632866e+00
2.011000000000000000e+03 2.865871539590786554e+00
2.012000000000000000e+03 -2.071829475950822452e+00
2.013000000000000000e+03 -2.182170284333828092e-01
2.014000000000000000e+03 2.509061145504047463e+00
2.015000000000000000e+03 4.473152624343552652e+00
2.016000000000000000e+03 -5.066847793138745004e+00
2.017000000000000000e+03 2.320695175726077863e+00
2.018000000000000000e+03 3.661165218252428577e+00
2.019000000000000000e+03 -4.524392005779807491e+00
