1.979000000000000000e+03 -4.984752224197682935e+00
1.980000000000000000e+03 -6.902305888492486829e+00
1.981000000000000000e+03 -9.403306568874777227e+00
1.982000000000000000e+03 1.046354193973755065e+00
1.983000000000000000e+03 -6.471930403572967450e+00
1.984000000000000000e+03 -6.852819987802556412e+00
1.985000000000000000e+03 3.296107425641859212e+00
1.986000000000000000e+03 -8.036338957489610468e-01
1.987000000000000000e+03 -4.664081104582926685e+00
1.988000000000000000e+03 1.986751868100280705e+00
1.989000000000000000e+03 8.446104799301638266e+00
1.990000000000000000e+03 -1.956013703184254160e+00
1.991000000000000000e+03 -2.418071228666912820e+00
1.992000000000000000e+03 -1.724328789093930947e+00
1.993000000000000000e+03 -5.425206074268293932e+00
1.994000000000000000e+03 2.010148613874101819e+00
1.995000000000000000e+03 8.594611030120402617e+00
1.996000000000000000e+03 -4.158917557752921379e-01
1.997000000000000000e+03 4.591495894139600686e+00
1.998000000000000000e+03 -4.178181092246033401e+00
1.999000000000000000e+03 -3.072688273079218213e+00
2.000000000000000000e+03 -1.025191928394315255e+01
2.001000000000000000e+03 2.530867234823056755e+00
2.002000000000000000e+03 1.137669709253620098e+00
2.003000000000000000e+03 4.282211304686515341e+00
2.004000000000000000e+03 2.957845263636468047e+00
2.005000000000000000e+03 -3.350584768389136325e+00
2.006000000000000000e+03 2.953536512096381017e+00
2.007000000000000000e+03 8.414342980198391331e+00
2.008000000000000000e+03 3.436215581862744450e+00
2.009000000000000000e+03 8.335810550089052029e+00
2.010000000000000000e+03 -3.031416032569202557e+00
2.011000000000000000e+03 -3.485922237610421082e+00
2.012000000000000000e+03 3.559745376937940353e+00
2.013000000000000000e+03 3.456727639350084313e+00
2.014000000000000000e+03 -1.015206086060838730e+00
2.015000000000000000e+03 4.906680032093303723e+00
2.016000000000000000e+03 3.817677633473769427e-01
2.017000000000000000e+03 5.192897612660687834e+00
2.018000000000000000e+03 6.324950494955297486e+00
2.019000000000000000e+03 -5.308606068966001068e+00
