1.979000000000000000e+03 -6.695040680572825753e-01
1.980000000000000000e+03 -1.801711352059783167e+00
1.981000000000000000e+03 -6.883482183087213713e+00
1.982000000000000000e+03 5.462260632541988237e+00
1.983000000000000000e+03 -4.940195260334101945e+00
1.984000000000000000e+03 3.239737674111881072e-01
1.985000000000000000e+03 1.380641915737331304e+00
1.986000000000000000e+03 -1.756671894695885916e+00
1.987000000000000000e+03 -4.402490641200253130e+00
1.988000000000000000e+03 -2.792841636798623295e+00
1.989000000000000000e+03 6.087475048544836120e+00
1.990000000000000000e+03 2.078103835191198456e+00
1.991000000000000000e+03 8.500903972919907625e-01
1.992000000000000000e+03 -1.992399979601904292e+00
1.993000000000000000e+03 -2.564237040719695049e+00
1.994000000000000000e+03 3.051777010057707518e+00
1.995000000000000000e+03 4.653590309742229536e+00
1.996000000000000000e+03 1.549181020706287049e+00
1.997000000000000000e+03 -5.392110626196322531e-01
1.998000000000000000e+03 -4.542149456153060427e+00
1.999000000000000000e+03 -8.621067020420163374e-01
2.000000000000000000e+03 -4.574536704168369106e+00
2.001000000000000000e+03 -2.505203014987858801e+00
2.002000000000000000e+03 1.401352213309383199e+00
2.003000000000000000e+03 1.182036100436045373e-01
2.004000000000000000e+03 -7.318776360450068852e-01
2.005000000000000000e+03 -1.423566960090618227e+00
2.006000000000000000e+03 3.862775942099691218e+00
2.007000000000000000e+03 3.031102261573709100e+00
2.008000000000000000e+03 1.285566703430856217e+00
2.009000000000000000e+03 6.454470181939369056e+00
2.010000000000000000e+03 -1.079594677077160281e+00
2.011000000000000000e+03 1.706492776291510305e+00
2.012000000000000000e+03 2.297568028494288317e+00
2.013000000000000000e+03 2.714925771498274409e-01
2.014000000000000000e+03 9.304939815461350516e-01
2.015000000000000000e+03 5.035143453265245483e+00
2.016000000000000000e+03 -5.112403874886815025e+00
2.017000000000000000e+03 4.462163028042178681e+00
2.018000000000000000e+03 4.689852805719953999e+00
2.019000000000000000e+03 -3.249469252330530633e+00
