1.979000000000000000e+03 -9.538234533832120610e-01
1.980000000000000000e+03 9.205169969861849433e-01
1.981000000000000000e+03 4.766479328579089070e-01
1.982000000000000000e+03 -1.618330994099929754e+00
1.983000000000000000e+03 -5.283175893350493535e-01
1.984000000000000000e+03 9.004312236257514535e-01
1.985000000000000000e+03 1.100985980095250616e+00
1.986000000000000000e+03 -1.053287486788950122e+00
1.987000000000000000e+03 -1.022582637898543423e+00
1.988000000000000000e+03 -7.988439595459357889e-01
1.989000000000000000e+03 -3.491041829193183288e-01
1.990000000000000000e+03 -1.520543756160751769e+00
1.991000000000000000e+03 1.402162531334507078e-01
1.992000000000000000e+03 -2.088682485837654923e+00
1.993000000000000000e+03 4.999218061666928503e-01
1.994000000000000000e+03 3.343165148094084937e-01
1.995000000000000000e+03 6.197560228143141892e-01
1.996000000000000000e+03 1.940799992374549365e+00
1.997000000000000000e+03 3.886613467265026545e-02
1.998000000000000000e+03 7.379699022582725254e-01
1.999000000000000000e+03 -1.670599817649627283e+00
2.000000000000000000e+03 7.652362081129778781e-01
2.001000000000000000e+03 1.444664440596643784e+00
2.002000000000000000e+03 7.406304860567290982e-01
2.003000000000000000e+03 5.549430674051394202e-02
2.004000000000000000e+03 -5.670416522660177705e-01
2.005000000000000000e+03 -1.993151901542105087e-01
2.006000000000000000e+03 1.351551589882388882e+00
2.007000000000000000e+03 7.415921831529717068e-01
2.008000000000000000e+03 5.331860299044725027e-01
2.009000000000000000e+03 -1.118095071511360228e+00
2.010000000000000000e+03 1.124778169127204491e-01
2.011000000000000000e+03 -1.960533559361629985e+00
2.012000000000000000e+03 5.656613335168683143e-01
2.013000000000000000e+03 6.783574512216061780e-01
2.014000000000000000e+03 1.082418000483221343e+00
2.015000000000000000e+03 7.362082368755294981e-01
2.016000000000000000e+03 2.744521013523914199e+00
2.017000000000000000e+03 -5.638433654660047756e-01
2.018000000000000000e+03 2.742160583562899823e-01
2.019000000000000000e+03 1.849862940715659487e+00
