1.979000000000000000e+03 2.500982352604759207e-01
1.980000000000000000e+03 -6.088089389760799719e+00
1.981000000000000000e+03 -4.150768758413145854e+00
1.982000000000000000e+03 6.024301741869505733e+00
1.983000000000000000e+03 -5.488939897248745758e+00
1.984000000000000000e+03 -7.539529983831641524e-02
1.985000000000000000e+03 6.448264806361819090e+00
1.986000000000000000e+03 1.669275133704209158e-01
1.987000000000000000e+03 -3.350149646151888927e+00
1.988000000000000000e+03 -1.717356447412395459e+00
1.989000000000000000e+03 4.895314602107347923e+00
1.990000000000000000e+03 5.449457948330501900e+00
1.991000000000000000e+03 -1.744080435235610516e+00
1.992000000000000000e+03 2.366570492594567643e+00
1.993000000000000000e+03 -6.114524440266594141e+00
1.994000000000000000e+03 2.281906775223422112e+00
1.995000000000000000e+03 3.270284954480576545e+00
1.996000000000000000e+03 -7.791884638740724789e-01
1.997000000000000000e+03 -1.197223029403739814e+00
1.998000000000000000e+03 -5.594855435583204972e+00
1.999000000000000000e+03 -8.690670700885774203e-01
2.000000000000000000e+03 -7.977924630627160063e+00
2.001000000000000000e+03 -5.156193336790230175e-01
2.002000000000000000e+03 3.845643277274258143e+00
2.003000000000000000e+03 3.556210356033424613e-01
2.004000000000000000e+03 -4.016407569043067838e+00
2.005000000000000000e+03 -1.521011346958141663e+00
2.006000000000000000e+03 3.241173924391316241e+00
2.007000000000000000e+03 1.171046895529037180e+00
2.008000000000000000e+03 2.340231121470624842e+00
2.009000000000000000e+03 4.648593587957967621e+00
2.010000000000000000e+03 -1.392826872741047994e+00
2.011000000000000000e+03 3.202789157288207011e+00
2.012000000000000000e+03 6.711274736024539500e-01
2.013000000000000000e+03 3.698884668815813459e+00
2.014000000000000000e+03 4.018201090897426941e-01
2.015000000000000000e+03 3.842940141439185719e+00
2.016000000000000000e+03 -4.640164799231158099e+00
2.017000000000000000e+03 1.243225687892197229e+00
2.018000000000000000e+03 1.921348771981981729e+00
2.019000000000000000e+03 -2.986077176254312793e+00
