1.979000000000000000e+03 -1.743779726327979063e+00
1.980000000000000000e+03 -3.825974669679703233e+00
1.981000000000000000e+03 -6.491616629118915682e+00
1.982000000000000000e+03 3.793402854672696112e+00
1.983000000000000000e+03 -3.889523021930948232e+00
1.984000000000000000e+03 -4.435053885217459246e+00
1.985000000000000000e+03 5.549232249170036546e+00
1.986000000000000000e+03 1.284849648722294457e+00
1.987000000000000000e+03 -2.740238839168591678e+00
1.988000000000000000e+03 3.745952854457694325e+00
1.989000000000000000e+03 1.004066450660212872e+01
1.990000000000000000e+03 -5.260952749406830886e-01
1.991000000000000000e+03 -1.152794079480263356e+00
1.992000000000000000e+03 -6.236929189642023141e-01
1.993000000000000000e+03 -4.489211483195485464e+00
1.994000000000000000e+03 2.781501925889989124e+00
1.995000000000000000e+03 9.201323063079369646e+00
1.996000000000000000e+03 2.617899812675162849e-02
1.997000000000000000e+03 4.868925368984723612e+00
1.998000000000000000e+03 -4.065392896457832528e+00
1.999000000000000000e+03 -3.124541356347938503e+00
2.000000000000000000e+03 -1.046841364626879134e+01
2.001000000000000000e+03 2.149731593440494581e+00
2.002000000000000000e+03 5.918927888141367610e-01
2.003000000000000000e+03 3.571793105190110396e+00
2.004000000000000000e+03 2.082785785083142382e+00
2.005000000000000000e+03 -4.390285525999383154e+00
2.006000000000000000e+03 1.749194475429213025e+00
2.007000000000000000e+03 7.045359664474300843e+00
2.008000000000000000e+03 1.902590987081734131e+00
2.009000000000000000e+03 6.637544676251119213e+00
2.010000000000000000e+03 -4.894323185464055648e+00
2.011000000000000000e+03 -5.513470669562195781e+00
2.012000000000000000e+03 1.367555665929244713e+00
2.013000000000000000e+03 1.099896649284467731e+00
2.014000000000000000e+03 -3.536678355183376699e+00
2.015000000000000000e+03 2.220566483913845257e+00
2.016000000000000000e+03 -2.468987063889003242e+00
2.017000000000000000e+03 2.177501506367387485e+00
2.018000000000000000e+03 3.144913109605075530e+00
2.019000000000000000e+03 -8.653284733373144633e+00
