1.979000000000000000e+03 9.317066723964454455e-01
1.980000000000000000e+03 -5.442412475554951001e+00
1.981000000000000000e+03 -3.541023367137415612e+00
1.982000000000000000e+03 6.598115610215114835e+00
1.983000000000000000e+03 -4.951057551833257797e+00
1.984000000000000000e+03 4.265555226470528760e-01
1.985000000000000000e+03 6.914284105917069212e+00
1.986000000000000000e+03 5.970152899955495363e-01
1.987000000000000000e+03 -2.955993392456880642e+00
1.988000000000000000e+03 -1.359131716647506982e+00
1.989000000000000000e+03 5.217607809942116148e+00
1.990000000000000000e+03 5.735819633235148984e+00
1.991000000000000000e+03 -1.493650273261082573e+00
1.992000000000000000e+03 2.581069131638975112e+00
1.993000000000000000e+03 -5.935957324152307812e+00
1.994000000000000000e+03 2.424542368407589965e+00
1.995000000000000000e+03 3.376989024734624145e+00
1.996000000000000000e+03 -7.084159165501452415e-01
1.997000000000000000e+03 -1.162382005009932939e+00
1.998000000000000000e+03 -5.595945934119519016e+00
1.999000000000000000e+03 -9.060890915550107172e-01
2.000000000000000000e+03 -8.050878175023713723e+00
2.001000000000000000e+03 -6.245044010056967076e-01
2.002000000000000000e+03 3.700826687017464423e+00
2.003000000000000000e+03 1.748729224164287388e-01
2.004000000000000000e+03 -4.233087205160100730e+00
2.005000000000000000e+03 -1.773622506005295474e+00
2.006000000000000000e+03 2.952631242414042401e+00
2.007000000000000000e+03 8.465726906216427539e-01
2.008000000000000000e+03 1.979825393633110053e+00
2.009000000000000000e+03 4.252256337190330804e+00
2.010000000000000000e+03 -1.825095646438802621e+00
2.011000000000000000e+03 2.734588860660332355e+00
2.012000000000000000e+03 1.669956540444589299e-01
2.013000000000000000e+03 3.158821326327697854e+00
2.014000000000000000e+03 -1.741747563284926914e-01
2.015000000000000000e+03 3.231013753090830498e+00
2.016000000000000000e+03 -5.288022710509633129e+00
2.017000000000000000e+03 5.594362536836012811e-01
2.018000000000000000e+03 1.201627814843266195e+00
2.019000000000000000e+03 -3.741729656323149467e+00
