1.979000000000000000e+03 -1.363617139471608564e+00
1.980000000000000000e+03 -3.882416458172875284e+00
1.981000000000000000e+03 -4.520548522445632100e-01
1.982000000000000000e+03 1.788077948987920163e+00
1.983000000000000000e+03 -9.979876208304118423e-02
1.984000000000000000e+03 3.029703487523630390e+00
1.985000000000000000e+03 -1.076051788949409671e+00
1.986000000000000000e+03 2.373641903571114931e+00
1.987000000000000000e+03 2.049750934666540125e+00
1.988000000000000000e+03 -2.797826904665523973e+00
1.989000000000000000e+03 3.011670595341573442e+00
1.990000000000000000e+03 -3.875663765759882917e+00
1.991000000000000000e+03 -3.540063143187855310e+00
1.992000000000000000e+03 5.041238460457855730e+00
1.993000000000000000e+03 -2.082212308134988810e+00
1.994000000000000000e+03 -2.304529892272416891e+00
1.995000000000000000e+03 -2.828004778732398528e+00
1.996000000000000000e+03 2.295874852101537300e+00
1.997000000000000000e+03 -2.630376018351983536e+00
1.998000000000000000e+03 -3.602971957962636473e+00
1.999000000000000000e+03 2.154908839482402527e+00
2.000000000000000000e+03 4.443732959286737838e+00
2.001000000000000000e+03 3.993334249561930172e+00
2.002000000000000000e+03 -2.198465988415929662e+00
2.003000000000000000e+03 1.191282255709839033e+00
2.004000000000000000e+03 -9.968143168153016376e-01
2.005000000000000000e+03 -1.468218695111506156e+00
2.006000000000000000e+03 3.446427619668605669e+00
2.007000000000000000e+03 3.323271264185704510e+00
2.008000000000000000e+03 -7.531845397736297576e-01
2.009000000000000000e+03 3.662569368912753198e+00
2.010000000000000000e+03 3.418360402285330224e+00
2.011000000000000000e+03 -3.268575581596585788e+00
2.012000000000000000e+03 1.173265182333204315e+00
2.013000000000000000e+03 2.857748509131222470e+00
2.014000000000000000e+03 5.271690184963047976e+00
2.015000000000000000e+03 -5.499349154620053248e+00
2.016000000000000000e+03 -8.560338920632678539e-01
2.017000000000000000e+03 -3.757571614230243107e+00
2.018000000000000000e+03 -3.537362902891671990e+00
2.019000000000000000e+03 -1.655384562663580361e+00
