1.979000000000000000e+03 8.168439674773395609e+00
1.980000000000000000e+03 -5.388731786239375765e+00
1.981000000000000000e+03 -1.590626092584960016e+00
1.982000000000000000e+03 1.152824530338897269e+01
1.983000000000000000e+03 -7.861896115382100092e+00
1.984000000000000000e+03 4.365880014491398953e+00
1.985000000000000000e+03 1.081643037010633890e+01
1.986000000000000000e+03 -2.851105029744379848e+00
1.987000000000000000e+03 -1.775379916820960746e+00
1.988000000000000000e+03 -5.089474521206609481e+00
1.989000000000000000e+03 5.039127757379335826e+00
1.990000000000000000e+03 1.223460639382083492e+01
1.991000000000000000e+03 -1.313576306515076009e-01
1.992000000000000000e+03 4.361514630051948949e+00
1.993000000000000000e+03 -7.924702712427227347e+00
1.994000000000000000e+03 4.183655070154039812e+00
1.995000000000000000e+03 4.090495892762890051e+00
1.996000000000000000e+03 1.144929138147191106e+00
1.997000000000000000e+03 -5.017504000664052555e+00
1.998000000000000000e+03 -7.956475435124374052e+00
1.999000000000000000e+03 -1.846259838453274238e+00
2.000000000000000000e+03 -1.328226150210764800e+01
2.001000000000000000e+03 -3.771281302763592524e+00
2.002000000000000000e+03 1.575265281458908539e+00
2.003000000000000000e+03 -1.717465042783976673e-02
2.004000000000000000e+03 -8.754663148861956401e+00
2.005000000000000000e+03 -9.983601150632447352e-01
2.006000000000000000e+03 4.425810416849754070e+00
2.007000000000000000e+03 6.954977435412694753e-01
2.008000000000000000e+03 -1.515400016331299504e+00
2.009000000000000000e+03 5.306079693142244480e+00
2.010000000000000000e+03 6.163843233198289528e-01
2.011000000000000000e+03 1.191796492950625819e+01
2.012000000000000000e+03 -4.837158467960955832e+00
2.013000000000000000e+03 -8.609695871738459738e-01
2.014000000000000000e+03 9.231466734276297714e+00
2.015000000000000000e+03 7.403709821965520632e+00
2.016000000000000000e+03 -6.985432496088781917e+00
2.017000000000000000e+03 3.144469840491921353e+00
2.018000000000000000e+03 4.859303291414373227e+00
2.019000000000000000e+03 2.876916554355690159e-01
