1.979000000000000000e+03 2.492327909195867636e-02
1.980000000000000000e+03 -2.261089612478048294e-03
1.981000000000000000e+03 -1.573072665596724970e-02
1.982000000000000000e+03 9.452127092243144818e-03
1.983000000000000000e+03 -6.517854844473710586e-03
1.984000000000000000e+03 2.460590182367368515e-04
1.985000000000000000e+03 4.236926200936777867e-03
1.986000000000000000e+03 -3.052396305385702158e-03
1.987000000000000000e+03 -8.057779308938627441e-03
1.988000000000000000e+03 -3.645352917048262122e-03
1.989000000000000000e+03 2.989060050390996912e-03
1.990000000000000000e+03 -7.748877344405252082e-03
1.991000000000000000e+03 -1.089622339595757057e-03
1.992000000000000000e+03 -5.129064116135953304e-03
1.993000000000000000e+03 -1.071136842534177805e-02
1.994000000000000000e+03 -1.838739706840379238e-03
1.995000000000000000e+03 -1.069354446292907455e-02
1.996000000000000000e+03 1.274574873416456540e-02
1.997000000000000000e+03 3.470312366590193320e-02
1.998000000000000000e+03 1.166945740047206040e-04
1.999000000000000000e+03 1.182845391321679825e-02
2.000000000000000000e+03 -1.233175249908050920e-02
2.001000000000000000e+03 3.374025484427378100e-03
2.002000000000000000e+03 1.280042395158497836e-03
2.003000000000000000e+03 -2.973264416415075800e-03
2.004000000000000000e+03 4.273522621515568262e-03
2.005000000000000000e+03 -2.789865706336107105e-03
2.006000000000000000e+03 -3.084235976206927202e-03
2.007000000000000000e+03 -9.136139594534820399e-03
2.008000000000000000e+03 3.337702979959910644e-03
2.009000000000000000e+03 1.219245058881160594e-04
2.010000000000000000e+03 -2.401895856009839819e-02
2.011000000000000000e+03 9.014620052910322923e-03
2.012000000000000000e+03 -1.944865372337257689e-02
2.013000000000000000e+03 9.866040944150391082e-03
2.014000000000000000e+03 9.045118191824725803e-03
2.015000000000000000e+03 -9.151774191155388066e-03
2.016000000000000000e+03 -1.028318367913813418e-02
2.017000000000000000e+03 -2.006749953695899976e-03
2.018000000000000000e+03 1.573269517877477416e-02
2.019000000000000000e+03 1.441382964390959878e-02
