1.979000000000000000e+03 -2.847446820264534686e-03
1.980000000000000000e+03 9.465133654410158364e-04
1.981000000000000000e+03 4.069554626460442082e-03
1.982000000000000000e+03 -7.641411516173075499e-03
1.983000000000000000e+03 6.872466939970399945e-03
1.984000000000000000e+03 3.762943337705073037e-03
1.985000000000000000e+03 4.107185286013685134e-03
1.986000000000000000e+03 -1.052454759591641299e-03
1.987000000000000000e+03 -5.176194534340649266e-03
1.988000000000000000e+03 3.503720407577716901e-03
1.989000000000000000e+03 2.606325932551104528e-03
1.990000000000000000e+03 5.512649660294845384e-03
1.991000000000000000e+03 1.909598588799002157e-03
1.992000000000000000e+03 -2.792804441720712818e-03
1.993000000000000000e+03 6.199677419933149677e-03
1.994000000000000000e+03 -3.819860861905316658e-03
1.995000000000000000e+03 1.065991219214138148e-02
1.996000000000000000e+03 2.484701333059740128e-02
1.997000000000000000e+03 -3.868041411010542455e-03
1.998000000000000000e+03 3.179043955160067679e-03
1.999000000000000000e+03 8.599315159431729274e-04
2.000000000000000000e+03 -2.102302578067271905e-03
2.001000000000000000e+03 -5.767454002562468450e-03
2.002000000000000000e+03 -4.620298358996685791e-03
2.003000000000000000e+03 6.052194664556456195e-03
2.004000000000000000e+03 -7.590099384451111895e-03
2.005000000000000000e+03 -1.105355037250401080e-02
2.006000000000000000e+03 -1.176047089227326252e-02
2.007000000000000000e+03 -5.849914443142671325e-03
2.008000000000000000e+03 -4.518754050432406341e-03
2.009000000000000000e+03 -9.049733129011331909e-03
2.010000000000000000e+03 2.521126878479260525e-03
2.011000000000000000e+03 -1.463925305746198793e-02
2.012000000000000000e+03 -2.142401473994505045e-03
2.013000000000000000e+03 -2.108767024818886907e-04
2.014000000000000000e+03 -6.421790239231140243e-03
2.015000000000000000e+03 -1.151004815293378905e-02
2.016000000000000000e+03 -5.361597832539158337e-03
2.017000000000000000e+03 1.630359710160373928e-03
2.018000000000000000e+03 -1.321366932642791805e-03
2.019000000000000000e+03 -2.340470199880425022e-03
