1.979000000000000000e+03 2.498783424758275681e-02
1.980000000000000000e+03 -5.083563979470390355e-03
1.981000000000000000e+03 -8.457142843615936614e-03
1.982000000000000000e+03 1.165137226175230051e-02
1.983000000000000000e+03 -4.577376917046733877e-03
1.984000000000000000e+03 -2.373799989490649794e-03
1.985000000000000000e+03 3.587105934634434237e-03
1.986000000000000000e+03 -4.147417564368844657e-03
1.987000000000000000e+03 -1.237490599710475321e-02
1.988000000000000000e+03 -5.235552554611284937e-03
1.989000000000000000e+03 2.526659114521276686e-03
1.990000000000000000e+03 -5.942245659523663626e-03
1.991000000000000000e+03 -2.235716390073470058e-03
1.992000000000000000e+03 -1.226261705907459630e-03
1.993000000000000000e+03 -1.305750004326164046e-02
1.994000000000000000e+03 1.819019817624294502e-03
1.995000000000000000e+03 -6.593036874953933993e-03
1.996000000000000000e+03 1.388860351080969772e-02
1.997000000000000000e+03 2.944922181686502466e-02
1.998000000000000000e+03 -4.742034786886279232e-03
1.999000000000000000e+03 8.868120471914982955e-03
2.000000000000000000e+03 -5.101630207506225104e-03
2.001000000000000000e+03 1.009702724521860167e-03
2.002000000000000000e+03 1.287536681361445496e-03
2.003000000000000000e+03 -3.006437282086959952e-03
2.004000000000000000e+03 4.575494544916716179e-03
2.005000000000000000e+03 -7.012497608773224020e-03
2.006000000000000000e+03 -7.857412801875872377e-03
2.007000000000000000e+03 -1.004609826183693738e-02
2.008000000000000000e+03 1.909238190797890892e-03
2.009000000000000000e+03 2.199956489422905668e-04
2.010000000000000000e+03 -1.922811906992646577e-02
2.011000000000000000e+03 7.186965707883156626e-03
2.012000000000000000e+03 -1.680404893766833732e-02
2.013000000000000000e+03 1.085036016862066591e-02
2.014000000000000000e+03 9.596952131345579118e-03
2.015000000000000000e+03 -7.343377474354469657e-03
2.016000000000000000e+03 -7.760074003029992541e-03
2.017000000000000000e+03 1.024556833992347656e-04
2.018000000000000000e+03 1.603287654320310895e-02
2.019000000000000000e+03 1.065673575267680334e-02
