1.979000000000000000e+03 2.324929022001192072e-02
1.980000000000000000e+03 -2.156557910898190128e-03
1.981000000000000000e+03 -4.807369714882752526e-03
1.982000000000000000e+03 9.728496793417643757e-03
1.983000000000000000e+03 -5.791723002777384582e-03
1.984000000000000000e+03 4.561686623675789524e-03
1.985000000000000000e+03 4.800004225290899727e-03
1.986000000000000000e+03 1.642579859667341134e-03
1.987000000000000000e+03 -3.327330955470255737e-03
1.988000000000000000e+03 -3.951158005529614714e-03
1.989000000000000000e+03 4.806013180503517987e-03
1.990000000000000000e+03 -5.526300332974848047e-04
1.991000000000000000e+03 2.277019568492326049e-03
1.992000000000000000e+03 -7.945619318578780229e-04
1.993000000000000000e+03 -5.182217167646900949e-03
1.994000000000000000e+03 4.726661297695898371e-03
1.995000000000000000e+03 -6.339541558476156566e-03
1.996000000000000000e+03 1.162860769958713389e-02
1.997000000000000000e+03 3.097784864140346039e-02
1.998000000000000000e+03 -1.320610775941841869e-03
1.999000000000000000e+03 8.305231551089389125e-03
2.000000000000000000e+03 -2.791164071054630554e-03
2.001000000000000000e+03 4.797297466164595995e-06
2.002000000000000000e+03 -4.167649814568877460e-03
2.003000000000000000e+03 -3.998338763191141079e-03
2.004000000000000000e+03 6.713417479973601831e-03
2.005000000000000000e+03 -6.034927317660756033e-03
2.006000000000000000e+03 -8.510200783109600486e-03
2.007000000000000000e+03 -1.211822825981560998e-02
2.008000000000000000e+03 -3.394077731770201844e-03
2.009000000000000000e+03 -2.881443119452414998e-03
2.010000000000000000e+03 -1.420919121175966832e-02
2.011000000000000000e+03 5.300016363622272325e-03
2.012000000000000000e+03 -1.690430884162242436e-02
2.013000000000000000e+03 1.467500030416067939e-03
2.014000000000000000e+03 2.616266862156663674e-03
2.015000000000000000e+03 -8.245425113043641091e-03
2.016000000000000000e+03 -1.197285562079242194e-02
2.017000000000000000e+03 -3.875327134055572657e-03
2.018000000000000000e+03 5.486824038552377825e-03
2.019000000000000000e+03 4.140728660181176857e-03
