1.979000000000000000e+03 1.866185557436396067e-02
1.980000000000000000e+03 -6.513530765183908437e-03
1.981000000000000000e+03 -8.933880777806229093e-03
1.982000000000000000e+03 5.832447521856407198e-03
1.983000000000000000e+03 -9.457310482976375929e-03
1.984000000000000000e+03 1.126560934839037319e-03
1.985000000000000000e+03 1.595340327816387530e-03
1.986000000000000000e+03 -1.331622246444927804e-03
1.987000000000000000e+03 -6.071071270220283582e-03
1.988000000000000000e+03 -6.464436528917401684e-03
1.989000000000000000e+03 2.523196448477973194e-03
1.990000000000000000e+03 -2.604984973960786879e-03
1.991000000000000000e+03 4.551264191912664215e-04
1.992000000000000000e+03 -2.385993289796697371e-03
1.993000000000000000e+03 -6.543186734223477470e-03
1.994000000000000000e+03 3.596153522481562725e-03
1.995000000000000000e+03 -7.239587542328252204e-03
1.996000000000000000e+03 1.095902350709728086e-02
1.997000000000000000e+03 3.053872624027585345e-02
1.998000000000000000e+03 -1.529271385707210327e-03
1.999000000000000000e+03 8.327032732686263927e-03
2.000000000000000000e+03 -2.538901098095516177e-03
2.001000000000000000e+03 4.875220617875216040e-04
2.002000000000000000e+03 -3.454463258885280465e-03
2.003000000000000000e+03 -3.054690416145301474e-03
2.004000000000000000e+03 7.887527618381684480e-03
2.005000000000000000e+03 -4.630355387890433376e-03
2.006000000000000000e+03 -6.875167061977036954e-03
2.007000000000000000e+03 -1.025273274732080124e-02
2.008000000000000000e+03 -1.298120427913154826e-03
2.009000000000000000e+03 -5.550240242331258046e-04
2.010000000000000000e+03 -1.165231032517813695e-02
2.011000000000000000e+03 8.087359041566044571e-03
2.012000000000000000e+03 -1.388650437231640777e-02
2.013000000000000000e+03 4.715766291084323887e-03
2.014000000000000000e+03 6.094994914187160280e-03
2.015000000000000000e+03 -4.536235269650901875e-03
2.016000000000000000e+03 -8.033203986037443581e-03
2.017000000000000000e+03 2.947862920616495025e-04
2.018000000000000000e+03 9.887399256031843137e-03
2.019000000000000000e+03 8.771765669022883044e-03
