1.979000000000000000e+03 -6.138127662861515843e-03
1.980000000000000000e+03 -2.125708583397056383e-03
1.981000000000000000e+03 1.215791571381278800e-03
1.982000000000000000e+03 -1.027671567749333104e-02
1.983000000000000000e+03 4.455621672409052804e-03
1.984000000000000000e+03 1.564556963902634943e-03
1.985000000000000000e+03 2.127257805970155218e-03
1.986000000000000000e+03 -2.813923345876261518e-03
1.987000000000000000e+03 -6.719204226866361956e-03
1.988000000000000000e+03 2.179169608810913039e-03
1.989000000000000000e+03 1.500234027543209496e-03
1.990000000000000000e+03 4.625016649045857881e-03
1.991000000000000000e+03 1.240424471308923917e-03
1.992000000000000000e+03 -3.243519665451882229e-03
1.993000000000000000e+03 5.967421089960889095e-03
1.994000000000000000e+03 -3.833658298118667544e-03
1.995000000000000000e+03 1.086457364968693856e-02
1.996000000000000000e+03 2.527013368190186501e-02
1.997000000000000000e+03 -3.226462165947169020e-03
1.998000000000000000e+03 4.039082093982350810e-03
1.999000000000000000e+03 1.938428548524363153e-03
2.000000000000000000e+03 -8.053466517271733920e-04
2.001000000000000000e+03 -4.252039182463460132e-03
2.002000000000000000e+03 -2.886424645138768643e-03
2.003000000000000000e+03 8.004527272173283040e-03
2.004000000000000000e+03 -5.419307883075378390e-03
2.005000000000000000e+03 -8.664299977369366301e-03
2.006000000000000000e+03 -9.152761603379707886e-03
2.007000000000000000e+03 -3.023746260490212199e-03
2.008000000000000000e+03 -1.474126974021037952e-03
2.009000000000000000e+03 -5.786647158841057292e-03
2.010000000000000000e+03 6.002671742408446573e-03
2.011000000000000000e+03 -1.093924929977389306e-02
2.012000000000000000e+03 1.776061177452497360e-03
2.013000000000000000e+03 3.926044842724023438e-03
2.014000000000000000e+03 -2.066409800266320179e-03
2.015000000000000000e+03 -6.936208820210059724e-03
2.016000000000000000e+03 -5.692996060565211564e-04
2.017000000000000000e+03 6.641116830401918962e-03
2.018000000000000000e+03 3.907849081357662492e-03
2.019000000000000000e+03 3.107204707878937888e-03
