1.979000000000000000e+03 2.919093402465411727e-02
1.980000000000000000e+03 -1.049494257897923060e-03
1.981000000000000000e+03 -4.592103177542359443e-03
1.982000000000000000e+03 1.534738187232697823e-02
1.983000000000000000e+03 -1.050397361970949097e-03
1.984000000000000000e+03 9.841495100862403082e-04
1.985000000000000000e+03 6.776025378712431831e-03
1.986000000000000000e+03 -1.127528175789743042e-03
1.987000000000000000e+03 -9.524046664024544973e-03
1.988000000000000000e+03 -2.553723277029973111e-03
1.989000000000000000e+03 5.039458336603695569e-03
1.990000000000000000e+03 -3.598476492940140287e-03
1.991000000000000000e+03 -6.097727898884121404e-05
1.992000000000000000e+03 7.794473496782759791e-04
1.993000000000000000e+03 -1.122082104317479942e-02
1.994000000000000000e+03 3.486668762212241732e-03
1.995000000000000000e+03 -5.094417985864882308e-03
1.996000000000000000e+03 1.521819234439985430e-02
1.997000000000000000e+03 3.060978059495628179e-02
1.998000000000000000e+03 -3.750506064293909845e-03
1.999000000000000000e+03 9.690619139008458532e-03
2.000000000000000000e+03 -4.448161595911644638e-03
2.001000000000000000e+03 1.494141280617546173e-03
2.002000000000000000e+03 1.602945181958236823e-03
2.003000000000000000e+03 -2.860058836989063085e-03
2.004000000000000000e+03 4.552842934515719669e-03
2.005000000000000000e+03 -7.204179274673113038e-03
2.006000000000000000e+03 -8.218124523274658241e-03
2.007000000000000000e+03 -1.057584003873461749e-02
2.008000000000000000e+03 1.210466358401315456e-03
2.009000000000000000e+03 -6.478062389531786527e-04
2.010000000000000000e+03 -2.026495101332083035e-02
2.011000000000000000e+03 5.981103708989897808e-03
2.012000000000000000e+03 -1.817894099206049038e-02
2.013000000000000000e+03 9.306438058729622070e-03
2.014000000000000000e+03 7.883999965955637568e-03
2.015000000000000000e+03 -9.225359695243304584e-03
2.016000000000000000e+03 -9.811086279417721712e-03
2.017000000000000000e+03 -2.117586648487389950e-03
2.018000000000000000e+03 1.364380415581759563e-02
2.019000000000000000e+03 8.098633309792390572e-03
