1.979000000000000000e+03 2.891689384085218556e-02
1.980000000000000000e+03 1.570981074752591427e-03
1.981000000000000000e+03 -1.206020003039946775e-02
1.982000000000000000e+03 1.296110965614806314e-02
1.983000000000000000e+03 -3.170416342231656328e-03
1.984000000000000000e+03 3.431953458815929434e-03
1.985000000000000000e+03 7.261276579853109640e-03
1.986000000000000000e+03 -1.895899881322333895e-04
1.987000000000000000e+03 -5.356517053348021189e-03
1.988000000000000000e+03 -1.105634723120517545e-03
1.989000000000000000e+03 5.367234182655879378e-03
1.990000000000000000e+03 -5.532247273803230642e-03
1.991000000000000000e+03 9.654636693434024905e-04
1.992000000000000000e+03 -3.235522168859656083e-03
1.993000000000000000e+03 -8.979370539728340553e-03
1.994000000000000000e+03 -2.682858828898043398e-04
1.995000000000000000e+03 -9.284634700641362579e-03
1.996000000000000000e+03 1.399311443478941548e-02
1.997000000000000000e+03 3.578894530486392139e-02
1.998000000000000000e+03 1.040972151303846873e-03
1.999000000000000000e+03 1.259118742885306265e-02
2.000000000000000000e+03 -1.173056304510710669e-02
2.001000000000000000e+03 3.813670876737917416e-03
2.002000000000000000e+03 1.558143725806176993e-03
2.003000000000000000e+03 -2.856707147430258536e-03
2.004000000000000000e+03 4.228535828837522333e-03
2.005000000000000000e+03 -2.996396560677013626e-03
2.006000000000000000e+03 -3.452310892210696050e-03
2.007000000000000000e+03 -9.665758572201451140e-03
2.008000000000000000e+03 2.646539940630418010e-03
2.009000000000000000e+03 -7.307825951042383732e-04
2.010000000000000000e+03 -2.503320972275361114e-02
2.011000000000000000e+03 7.838824828592244609e-03
2.012000000000000000e+03 -2.078599300935351710e-02
2.013000000000000000e+03 8.367157596506590717e-03
2.014000000000000000e+03 7.384690782518060076e-03
2.015000000000000000e+03 -1.097374566212491395e-02
2.016000000000000000e+03 -1.226669921177052196e-02
2.017000000000000000e+03 -4.151809547991150949e-03
2.018000000000000000e+03 1.342609152281666260e-02
2.019000000000000000e+03 1.194568192628862532e-02
