1.979000000000000000e+03 9.310407189654324941e-03
1.980000000000000000e+03 -8.161301981832999597e-03
1.981000000000000000e+03 -2.026215555939897463e-03
1.982000000000000000e+03 1.122184330144872190e-03
1.983000000000000000e+03 -1.161080200809642277e-02
1.984000000000000000e+03 4.176490522145649351e-03
1.985000000000000000e+03 4.725526046659245472e-05
1.986000000000000000e+03 -9.386212232434994760e-04
1.987000000000000000e+03 -4.755927516715745783e-03
1.988000000000000000e+03 -8.625176409988999371e-03
1.989000000000000000e+03 3.068392546567106326e-03
1.990000000000000000e+03 -1.380124211367466866e-03
1.991000000000000000e+03 5.772409920967599972e-03
1.992000000000000000e+03 -1.213656033181698297e-03
1.993000000000000000e+03 -1.419241816151818559e-03
1.994000000000000000e+03 7.954925124597698322e-03
1.995000000000000000e+03 -5.539844315742588690e-03
1.996000000000000000e+03 1.042895821217417092e-02
1.997000000000000000e+03 2.703484487480168133e-02
1.998000000000000000e+03 -2.581670201414649601e-03
1.999000000000000000e+03 5.417828615563658606e-03
2.000000000000000000e+03 3.813026409446402740e-03
2.001000000000000000e+03 -1.988624794594814893e-03
2.002000000000000000e+03 -4.724731097686766905e-03
2.003000000000000000e+03 -4.044957639017470949e-03
2.004000000000000000e+03 6.610101787114982738e-03
2.005000000000000000e+03 -4.804657493319318060e-03
2.006000000000000000e+03 -9.903813042557408144e-03
2.007000000000000000e+03 -1.007033381004206890e-02
2.008000000000000000e+03 -5.009602422049204765e-03
2.009000000000000000e+03 1.259331257727196608e-03
2.010000000000000000e+03 -3.891585980000885053e-03
2.011000000000000000e+03 7.459987279235735617e-03
2.012000000000000000e+03 -1.091081778018246004e-02
2.013000000000000000e+03 1.684779105207201639e-03
2.014000000000000000e+03 4.779336045604503161e-03
2.015000000000000000e+03 -7.762538811231829575e-04
2.016000000000000000e+03 -6.153641934887888083e-03
2.017000000000000000e+03 2.531608646103515169e-03
2.018000000000000000e+03 6.246426776880872368e-03
2.019000000000000000e+03 1.813307244733488362e-03
