1.979000000000000000e+03 3.203020111711856605e-02
1.980000000000000000e+03 -2.261011127222932872e-04
1.981000000000000000e+03 2.952741362763423080e-03
1.982000000000000000e+03 2.203114427012728416e-02
1.983000000000000000e+03 6.384627014149532598e-03
1.984000000000000000e+03 -3.065521322224101439e-03
1.985000000000000000e+03 9.185065613702339885e-03
1.986000000000000000e+03 -6.320051040071356964e-03
1.987000000000000000e+03 -2.069803295626296627e-02
1.988000000000000000e+03 -2.065683141802173751e-03
1.989000000000000000e+03 5.855064494127786533e-03
1.990000000000000000e+03 -8.712179714463036059e-03
1.991000000000000000e+03 2.830506509287434918e-04
1.992000000000000000e+03 4.752150480403659685e-03
1.993000000000000000e+03 -1.857212737718636625e-02
1.994000000000000000e+03 4.917020980268122128e-03
1.995000000000000000e+03 -1.403252739215119470e-03
1.996000000000000000e+03 2.131808040187822481e-02
1.997000000000000000e+03 2.577015638729828959e-02
1.998000000000000000e+03 -1.031269301806046410e-02
1.999000000000000000e+03 8.851801824303498142e-03
2.000000000000000000e+03 -2.161008323569750707e-03
2.001000000000000000e+03 1.195512392986469892e-03
2.002000000000000000e+03 1.102230652659396890e-02
2.003000000000000000e+03 -2.475717829139597800e-03
2.004000000000000000e+03 -1.998074421414781400e-03
2.005000000000000000e+03 -1.071971853994025531e-02
2.006000000000000000e+03 -1.171574204206419709e-02
2.007000000000000000e+03 -8.412179529238452205e-03
2.008000000000000000e+03 5.554166862598235166e-03
2.009000000000000000e+03 4.429526309930041303e-03
2.010000000000000000e+03 -2.587043357740698851e-02
2.011000000000000000e+03 5.410828519188250023e-03
2.012000000000000000e+03 -1.910798763107477913e-02
2.013000000000000000e+03 2.054746718714199269e-02
2.014000000000000000e+03 1.564755675056781273e-02
2.015000000000000000e+03 -8.931888837583543128e-03
2.016000000000000000e+03 -5.165017724052896678e-03
2.017000000000000000e+03 2.027293686091196333e-03
2.018000000000000000e+03 2.465897810853189681e-02
2.019000000000000000e+03 7.347779569994757586e-03
