1.979000000000000000e+03 2.777130047842189114e-02
1.980000000000000000e+03 -1.461190830485738137e-03
1.981000000000000000e+03 -8.364525447695253524e-03
1.982000000000000000e+03 1.200550067342682700e-02
1.983000000000000000e+03 -4.767909550031190595e-03
1.984000000000000000e+03 3.008984926241409230e-03
1.985000000000000000e+03 5.571505261217476503e-03
1.986000000000000000e+03 1.468733256351062401e-03
1.987000000000000000e+03 -3.937053517905336059e-03
1.988000000000000000e+03 -2.797743344643872573e-03
1.989000000000000000e+03 4.631655257841649220e-03
1.990000000000000000e+03 -1.041624882178692401e-03
1.991000000000000000e+03 -2.329912439476350611e-04
1.992000000000000000e+03 -1.206904215684416470e-03
1.993000000000000000e+03 -7.545167876169015138e-03
1.994000000000000000e+03 2.771492653184300450e-03
1.995000000000000000e+03 -6.940000609189763726e-03
1.996000000000000000e+03 1.216824831566066731e-02
1.997000000000000000e+03 3.302959269878528309e-02
1.998000000000000000e+03 -4.694125874106339666e-04
1.999000000000000000e+03 1.011002779636093613e-02
2.000000000000000000e+03 -5.591738232082593338e-03
2.001000000000000000e+03 1.643455724433082578e-03
2.002000000000000000e+03 -3.106735490359628562e-03
2.003000000000000000e+03 -3.052229340913796812e-03
2.004000000000000000e+03 7.828301612480966301e-03
2.005000000000000000e+03 -5.446409642039544939e-03
2.006000000000000000e+03 -6.469315763879889686e-03
2.007000000000000000e+03 -1.165767029348270187e-02
2.008000000000000000e+03 -9.613838936971451582e-04
2.009000000000000000e+03 -3.186472513394789010e-03
2.010000000000000000e+03 -1.746220973127775300e-02
2.011000000000000000e+03 6.266241303890721266e-03
2.012000000000000000e+03 -1.771441767255334601e-02
2.013000000000000000e+03 3.685923494523433291e-03
2.014000000000000000e+03 4.002221573649551722e-03
2.015000000000000000e+03 -9.372095124073186179e-03
2.016000000000000000e+03 -1.213412055710013163e-02
2.017000000000000000e+03 -4.190026815776683525e-03
2.018000000000000000e+03 8.136217179460440707e-03
2.019000000000000000e+03 8.474060179691204897e-03
