1.979000000000000000e+03 2.333757976671877593e-02
1.980000000000000000e+03 -5.689645156859364158e-03
1.981000000000000000e+03 -1.238771338873939469e-02
1.982000000000000000e+03 8.187579117712173726e-03
1.983000000000000000e+03 -8.380564720416356847e-03
1.984000000000000000e+03 -3.984038588142684262e-04
1.985000000000000000e+03 2.369382861491285599e-03
1.986000000000000000e+03 -1.528122758045641480e-03
1.987000000000000000e+03 -6.728643146972551614e-03
1.988000000000000000e+03 -5.384066588381601973e-03
1.989000000000000000e+03 2.250598399433406845e-03
1.990000000000000000e+03 -3.217415355257447103e-03
1.991000000000000000e+03 -2.203515331696901357e-03
1.992000000000000000e+03 -2.972161918104196908e-03
1.993000000000000000e+03 -9.105159193259307684e-03
1.994000000000000000e+03 1.416767721423494277e-03
1.995000000000000000e+03 -8.089459155621083961e-03
1.996000000000000000e+03 1.122405615455883583e-02
1.997000000000000000e+03 3.229066692301293257e-02
1.998000000000000000e+03 -1.003071977853490799e-03
1.999000000000000000e+03 9.781634791247564853e-03
2.000000000000000000e+03 -5.714864851866475852e-03
2.001000000000000000e+03 1.725595489978688606e-03
2.002000000000000000e+03 -2.819329339484537462e-03
2.003000000000000000e+03 -2.559556804709217821e-03
2.004000000000000000e+03 8.526240534015032749e-03
2.005000000000000000e+03 -4.543204335175991468e-03
2.006000000000000000e+03 -5.360844071686848324e-03
2.007000000000000000e+03 -1.034393221596017522e-02
2.008000000000000000e+03 5.576205691548701427e-04
2.009000000000000000e+03 -1.462201665213287011e-03
2.010000000000000000e+03 -1.553267249776676441e-02
2.011000000000000000e+03 8.401044922731198614e-03
2.012000000000000000e+03 -1.537434766838338338e-02
2.013000000000000000e+03 6.231259884022883819e-03
2.014000000000000000e+03 6.752824348478491008e-03
2.015000000000000000e+03 -6.416225963914762472e-03
2.016000000000000000e+03 -8.972985011612219161e-03
2.017000000000000000e+03 -8.236248849592830599e-04
2.018000000000000000e+03 1.170788549560732722e-02
2.019000000000000000e+03 1.225099488116758104e-02
