1.979000000000000000e+03 1.420526970319197987e-02
1.980000000000000000e+03 -3.547292071723095411e-03
1.981000000000000000e+03 2.306941750742254240e-03
1.982000000000000000e+03 5.174489033399276398e-03
1.983000000000000000e+03 -7.839349908269769088e-03
1.984000000000000000e+03 7.667090018544550981e-03
1.985000000000000000e+03 3.257002153437743575e-03
1.986000000000000000e+03 1.990273066299901202e-03
1.987000000000000000e+03 -2.107885830600095527e-03
1.988000000000000000e+03 -6.257987327301098995e-03
1.989000000000000000e+03 5.154729025827254653e-03
1.990000000000000000e+03 4.253596644649319607e-04
1.991000000000000000e+03 7.297041193372245937e-03
1.992000000000000000e+03 3.012263579519916005e-05
1.993000000000000000e+03 -4.563157506026719202e-04
1.994000000000000000e+03 8.636998586719093346e-03
1.995000000000000000e+03 -5.138623457048942245e-03
1.996000000000000000e+03 1.054932646744006705e-02
1.997000000000000000e+03 2.687436052663982194e-02
1.998000000000000000e+03 -3.023007153004254963e-03
1.999000000000000000e+03 4.695639060546301195e-03
2.000000000000000000e+03 2.809984251001295449e-03
2.001000000000000000e+03 -3.272519556467671197e-03
2.002000000000000000e+03 -6.289478462987375257e-03
2.003000000000000000e+03 -5.890557607745829614e-03
2.004000000000000000e+03 4.483649214958873759e-03
2.005000000000000000e+03 -7.211962668903178220e-03
2.006000000000000000e+03 -1.259197082156902209e-02
2.007000000000000000e+03 -1.303934419248142969e-02
2.008000000000000000e+03 -8.259465407916315866e-03
2.009000000000000000e+03 -2.271384331567664373e-03
2.010000000000000000e+03 -7.703154172723498082e-03
2.011000000000000000e+03 3.367566483085374009e-03
2.012000000000000000e+03 -1.528409117976057413e-02
2.013000000000000000e+03 -2.969346897798662115e-03
2.014000000000000000e+03 -1.556425608291108246e-04
2.015000000000000000e+03 -5.992085090984549181e-03
2.016000000000000000e+03 -1.165032574817700430e-02
2.017000000000000000e+03 -3.245927770613350055e-03
2.018000000000000000e+03 1.880377567362560441e-04
2.019000000000000000e+03 -4.525934378838879224e-03
