1.979000000000000000e+03 1.078598077616097460e-02
1.980000000000000000e+03 -9.167513137125294156e-03
1.981000000000000000e+03 9.337213869478715178e-03
1.982000000000000000e+03 5.858256796377575917e-03
1.983000000000000000e+03 1.749815748122198139e-03
1.984000000000000000e+03 -3.950753157273319792e-03
1.985000000000000000e+03 2.039024412850478588e-03
1.986000000000000000e+03 -1.066211952573306978e-03
1.987000000000000000e+03 -9.890387283165784707e-03
1.988000000000000000e+03 -5.736941325201947578e-03
1.989000000000000000e+03 -4.039438181253360641e-03
1.990000000000000000e+03 -3.193227405943492667e-03
1.991000000000000000e+03 3.529752156444716273e-03
1.992000000000000000e+03 1.864275698475133507e-03
1.993000000000000000e+03 -7.512541782807258435e-03
1.994000000000000000e+03 4.184473666652427024e-03
1.995000000000000000e+03 -1.388916169781527184e-03
1.996000000000000000e+03 1.803748938290659215e-02
1.997000000000000000e+03 8.590261340194188869e-03
1.998000000000000000e+03 -1.346357638039420018e-02
1.999000000000000000e+03 -1.827558129497619836e-03
2.000000000000000000e+03 5.032883196440175906e-03
2.001000000000000000e+03 -1.010920965357744138e-02
2.002000000000000000e+03 1.775360816143542811e-02
2.003000000000000000e+03 -1.697301557685858232e-03
2.004000000000000000e+03 1.523987103846159881e-02
2.005000000000000000e+03 -9.198382342785565297e-03
2.006000000000000000e+03 -1.011855914217712864e-02
2.007000000000000000e+03 -5.014562265014690066e-03
2.008000000000000000e+03 -6.009558749159804418e-03
2.009000000000000000e+03 6.243318419784788832e-03
2.010000000000000000e+03 -5.243118409331702819e-03
2.011000000000000000e+03 4.673473127085597291e-03
2.012000000000000000e+03 -8.021250262036261347e-03
2.013000000000000000e+03 -5.550692586802150573e-03
2.014000000000000000e+03 3.797792301646324268e-04
2.015000000000000000e+03 -9.864286841227601355e-03
2.016000000000000000e+03 -6.220402764134158602e-03
2.017000000000000000e+03 4.755825759598344602e-04
2.018000000000000000e+03 6.525807391742650260e-03
2.019000000000000000e+03 1.451739156869558643e-03
