1.979000000000000000e+03 1.430380855816396589e-02
1.980000000000000000e+03 -3.527108051885386331e-03
1.981000000000000000e+03 4.623708458907022437e-03
1.982000000000000000e+03 9.661799869545052710e-03
1.983000000000000000e+03 2.552568365408028773e-03
1.984000000000000000e+03 -2.187051026137935752e-03
1.985000000000000000e+03 3.493872734724179363e-03
1.986000000000000000e+03 -2.689167268538242544e-03
1.987000000000000000e+03 -1.047755046610458936e-02
1.988000000000000000e+03 -2.884484573270703570e-03
1.989000000000000000e+03 3.005930756254920747e-04
1.990000000000000000e+03 -4.188538036914099712e-03
1.991000000000000000e+03 1.251262128657078861e-03
1.992000000000000000e+03 3.238649409244944485e-03
1.993000000000000000e+03 -9.282761876217912947e-03
1.994000000000000000e+03 3.081741564941298424e-03
1.995000000000000000e+03 -1.249107252225568508e-03
1.996000000000000000e+03 1.386362869374935421e-02
1.997000000000000000e+03 1.097363566522891777e-02
1.998000000000000000e+03 -8.392229889354375916e-03
1.999000000000000000e+03 2.320963176767453211e-03
2.000000000000000000e+03 1.234771643897602730e-03
2.001000000000000000e+03 -3.536972711923280950e-03
2.002000000000000000e+03 1.093735648255204571e-02
2.003000000000000000e+03 -1.890386767599144379e-03
2.004000000000000000e+03 5.419887595426356626e-03
2.005000000000000000e+03 -7.142684304369937079e-03
2.006000000000000000e+03 -7.828149785925529042e-03
2.007000000000000000e+03 -4.531547812501721638e-03
2.008000000000000000e+03 -4.567942907188608814e-04
2.009000000000000000e+03 4.365888894354866268e-03
2.010000000000000000e+03 -1.058290169722778291e-02
2.011000000000000000e+03 3.689960267819372957e-03
2.012000000000000000e+03 -9.447658016934231198e-03
2.013000000000000000e+03 4.620456913132339055e-03
2.014000000000000000e+03 4.787972984062415470e-03
2.015000000000000000e+03 -6.826237207931030657e-03
2.016000000000000000e+03 -4.224682328755254360e-03
2.017000000000000000e+03 2.257354249649267666e-04
2.018000000000000000e+03 1.130670218497375513e-02
2.019000000000000000e+03 2.453714728665795739e-03
