1.979000000000000000e+03 2.662570711599159326e-02
1.980000000000000000e+03 -4.493362735724067483e-03
1.981000000000000000e+03 -4.668850864991040163e-03
1.982000000000000000e+03 1.104989169070559087e-02
1.983000000000000000e+03 -6.365402757830724428e-03
1.984000000000000000e+03 2.586016393666889027e-03
1.985000000000000000e+03 3.881733942581843365e-03
1.986000000000000000e+03 3.127056500834357947e-03
1.987000000000000000e+03 -2.517589982462651796e-03
1.988000000000000000e+03 -4.489851966167229119e-03
1.989000000000000000e+03 3.896076333027416894e-03
1.990000000000000000e+03 3.448997509445845839e-03
1.991000000000000000e+03 -1.431446157238671583e-03
1.992000000000000000e+03 8.217137374908234674e-04
1.993000000000000000e+03 -6.110965212609688856e-03
1.994000000000000000e+03 5.811271189258403885e-03
1.995000000000000000e+03 -4.595366517738165742e-03
1.996000000000000000e+03 1.034338219653192087e-02
1.997000000000000000e+03 3.027024009270663785e-02
1.998000000000000000e+03 -1.979797326125114481e-03
1.999000000000000000e+03 7.628868163868809602e-03
2.000000000000000000e+03 5.470865809419207760e-04
2.001000000000000000e+03 -5.267594278717501995e-04
2.002000000000000000e+03 -7.771614706525434985e-03
2.003000000000000000e+03 -3.247751534397335087e-03
2.004000000000000000e+03 1.142806739612441114e-02
2.005000000000000000e+03 -7.896422723402076252e-03
2.006000000000000000e+03 -9.486320635549085056e-03
2.007000000000000000e+03 -1.364958201476395259e-02
2.008000000000000000e+03 -4.569307728024708110e-03
2.009000000000000000e+03 -5.642162431685341165e-03
2.010000000000000000e+03 -9.891209739801893122e-03
2.011000000000000000e+03 4.693657779189197923e-03
2.012000000000000000e+03 -1.464284233575317493e-02
2.013000000000000000e+03 -9.953106074597241337e-04
2.014000000000000000e+03 6.197523647810395742e-04
2.015000000000000000e+03 -7.770444586021459273e-03
2.016000000000000000e+03 -1.200154190242974477e-02
2.017000000000000000e+03 -4.228244083562217835e-03
2.018000000000000000e+03 2.846342836104216647e-03
2.019000000000000000e+03 5.002438433093787939e-03
