1.979000000000000000e+03 9.303867523489184408e-06
1.980000000000000000e+03 -4.245484426661486521e-04
1.981000000000000000e+03 5.050602596238697043e-04
1.982000000000000000e+03 3.657964202592861309e-04
1.983000000000000000e+03 -1.725231311787897288e-04
1.984000000000000000e+03 1.420392428799849499e-04
1.985000000000000000e+03 -2.541990412002555384e-04
1.986000000000000000e+03 -2.096549371918462188e-04
1.987000000000000000e+03 -2.786623952124617654e-04
1.988000000000000000e+03 -2.777878301697512902e-04
1.989000000000000000e+03 -2.950371935229709783e-04
1.990000000000000000e+03 -2.072554090815623194e-04
1.991000000000000000e+03 -2.018774103950846813e-06
1.992000000000000000e+03 1.093182816883423369e-03
1.993000000000000000e+03 -5.602996160522755956e-04
1.994000000000000000e+03 7.836572525903219176e-05
1.995000000000000000e+03 -2.849765429937251146e-04
1.996000000000000000e+03 7.870307493947927262e-04
1.997000000000000000e+03 -4.368213869259690726e-04
1.998000000000000000e+03 -4.141525544628649321e-04
1.999000000000000000e+03 3.654079466491445778e-05
2.000000000000000000e+03 3.346967271763272864e-04
2.001000000000000000e+03 -5.052325986776699286e-04
2.002000000000000000e+03 1.413951629170573376e-03
2.003000000000000000e+03 -4.315952398372651234e-04
2.004000000000000000e+03 1.087434275233308987e-03
2.005000000000000000e+03 -4.163404580386206107e-04
2.006000000000000000e+03 -4.481553316149495246e-04
2.007000000000000000e+03 7.199076000133774881e-05
2.008000000000000000e+03 -1.763156731435416890e-04
2.009000000000000000e+03 9.227980814966525898e-04
2.010000000000000000e+03 -8.500672810250018579e-05
2.011000000000000000e+03 4.868531757218886821e-04
2.012000000000000000e+03 -2.871679426026402661e-04
2.013000000000000000e+03 -2.347508886855190408e-04
2.014000000000000000e+03 -4.441080384873665301e-04
2.015000000000000000e+03 -4.454476940785235162e-04
2.016000000000000000e+03 -3.099347636281557625e-04
2.017000000000000000e+03 -4.855837473186949802e-04
2.018000000000000000e+03 1.099271309863476430e-03
2.019000000000000000e+03 -3.467394761743381750e-04
