1.979000000000000000e+03 2.175188044147887204e-02
1.980000000000000000e+03 -9.118200701240681758e-03
1.981000000000000000e+03 -9.044700121511541416e-03
1.982000000000000000e+03 6.923031143181205237e-03
1.983000000000000000e+03 -1.024327459635900051e-02
1.984000000000000000e+03 -1.042866735865274029e-03
1.985000000000000000e+03 5.018395220457924633e-04
1.986000000000000000e+03 -3.849210705580279937e-06
1.987000000000000000e+03 -5.399506985006477522e-03
1.988000000000000000e+03 -7.122780259714942691e-03
1.989000000000000000e+03 1.512136748475815910e-03
1.990000000000000000e+03 1.314046633890358093e-03
1.991000000000000000e+03 -3.317408323798046958e-03
1.992000000000000000e+03 -8.152597200724398616e-04
1.993000000000000000e+03 -7.498949961176839055e-03
1.994000000000000000e+03 4.672275149687365840e-03
1.995000000000000000e+03 -5.485373848313090765e-03
1.996000000000000000e+03 9.702363574953106265e-03
1.997000000000000000e+03 2.987821018012394580e-02
1.998000000000000000e+03 -2.122838529711702608e-03
1.999000000000000000e+03 7.734815669278335797e-03
2.000000000000000000e+03 9.020227953475585831e-04
2.001000000000000000e+03 7.716549552999981592e-05
2.002000000000000000e+03 -6.918701074127573195e-03
2.003000000000000000e+03 -2.145849193003359842e-03
2.004000000000000000e+03 1.277895844651450070e-02
2.005000000000000000e+03 -6.296542964015877132e-03
2.006000000000000000e+03 -7.637452167166771180e-03
2.007000000000000000e+03 -1.155172483738552830e-02
2.008000000000000000e+03 -2.222461841650169492e-03
2.009000000000000000e+03 -3.046327836314689959e-03
2.010000000000000000e+03 -7.046386435435128895e-03
2.011000000000000000e+03 7.787469792552072570e-03
2.012000000000000000e+03 -1.130004161339418639e-02
2.013000000000000000e+03 2.596478823895376556e-03
2.014000000000000000e+03 4.460530505132253611e-03
2.015000000000000000e+03 -3.680677736674132540e-03
2.016000000000000000e+03 -7.662786344086304144e-03
2.017000000000000000e+03 3.595001837773340730e-04
2.018000000000000000e+03 7.683075812439881143e-03
2.019000000000000000e+03 1.008816011842556502e-02
