1.979000000000000000e+03 3.182191265079896143e-05
1.980000000000000000e+03 -4.061887692446001824e-04
1.981000000000000000e+03 5.192615613396567515e-04
1.982000000000000000e+03 3.758393502693121893e-04
1.983000000000000000e+03 -1.666385728745250659e-04
1.984000000000000000e+03 1.437654294784884343e-04
1.985000000000000000e+03 -2.566312263075133681e-04
1.986000000000000000e+03 -2.162454940048653355e-04
1.987000000000000000e+03 -2.894113237312421691e-04
1.988000000000000000e+03 -2.926951303942928995e-04
1.989000000000000000e+03 -3.141028654532739017e-04
1.990000000000000000e+03 -2.304794527176264485e-04
1.991000000000000000e+03 -2.940118944577630524e-05
1.992000000000000000e+03 1.061642029835836720e-03
1.993000000000000000e+03 -5.959987748056235586e-04
1.994000000000000000e+03 3.850819479992295539e-05
1.995000000000000000e+03 -3.289924451585954888e-04
1.996000000000000000e+03 7.388564755241608210e-04
1.997000000000000000e+03 -4.891540325023621292e-04
1.998000000000000000e+03 -4.706435717450193029e-04
1.999000000000000000e+03 -2.410859432300112542e-05
2.000000000000000000e+03 2.698889664826504501e-04
2.001000000000000000e+03 -5.741987310771078622e-04
2.002000000000000000e+03 1.340827125065374020e-03
2.003000000000000000e+03 -5.088781156482256310e-04
2.004000000000000000e+03 1.005993027716587003e-03
2.005000000000000000e+03 -5.019400772611036380e-04
2.006000000000000000e+03 -5.379133225431938659e-04
2.007000000000000000e+03 -2.192560263266787277e-05
2.008000000000000000e+03 -2.743904074833085501e-04
2.009000000000000000e+03 8.205649754511242519e-04
2.010000000000000000e+03 -1.913982058537896751e-04
2.011000000000000000e+03 3.763033262648379329e-04
2.012000000000000000e+03 -4.018761637654523293e-04
2.013000000000000000e+03 -3.536174815540923098e-04
2.014000000000000000e+03 -5.671330030617010047e-04
2.015000000000000000e+03 -5.726310303586192507e-04
2.016000000000000000e+03 -4.412764716140129195e-04
2.017000000000000000e+03 -6.210838270103133428e-04
2.018000000000000000e+03 9.596128584660970238e-04
2.019000000000000000e+03 -4.905562992774790574e-04
