1.979000000000000000e+03 9.602858306067088914e-03
1.980000000000000000e+03 -1.027375779672260597e-02
1.981000000000000000e+03 8.307847020377980701e-03
1.982000000000000000e+03 4.905767757773416178e-03
1.983000000000000000e+03 8.742045200146149808e-04
1.984000000000000000e+03 -4.749486574884329189e-03
1.985000000000000000e+03 1.317168805736044146e-03
1.986000000000000000e+03 -1.711189749191166032e-03
1.987000000000000000e+03 -1.045848726928706902e-02
1.988000000000000000e+03 -6.228163500826657158e-03
1.989000000000000000e+03 -4.453782546381495483e-03
1.990000000000000000e+03 -3.530693960575052772e-03
1.991000000000000000e+03 3.269163412309732206e-03
1.992000000000000000e+03 1.680564764836723311e-03
1.993000000000000000e+03 -7.619374905949092593e-03
1.994000000000000000e+03 4.154518354007166736e-03
1.995000000000000000e+03 -1.341993671930212084e-03
1.996000000000000000e+03 1.816128969125448134e-02
1.997000000000000000e+03 8.790939459038653661e-03
1.998000000000000000e+03 -1.318602045105316152e-02
1.999000000000000000e+03 -1.473124389660005352e-03
2.000000000000000000e+03 5.464194746774366646e-03
2.001000000000000000e+03 -9.601020292746677634e-03
2.002000000000000000e+03 1.833867533276276399e-02
2.003000000000000000e+03 -1.035356575861943063e-03
2.004000000000000000e+03 1.597869383078208763e-02
2.005000000000000000e+03 -8.382681739968500870e-03
2.006000000000000000e+03 -9.225980728863488606e-03
2.007000000000000000e+03 -4.045106041204475297e-03
2.008000000000000000e+03 -4.963224714853013177e-03
2.009000000000000000e+03 7.366530264588152209e-03
2.010000000000000000e+03 -4.043028754031762970e-03
2.011000000000000000e+03 5.950440592882111877e-03
2.012000000000000000e+03 -6.667404985743172023e-03
2.013000000000000000e+03 -4.119969500012487379e-03
2.014000000000000000e+03 1.887380127450872472e-03
2.015000000000000000e+03 -8.279808133444786084e-03
2.016000000000000000e+03 -4.559046245854769461e-03
2.017000000000000000e+03 2.213816904735798827e-03
2.018000000000000000e+03 8.340919531015188876e-03
2.019000000000000000e+03 3.343729106638673298e-03
