1.979000000000000000e+03 2.828834320931070817e-02
1.980000000000000000e+03 -3.871401624692440147e-03
1.981000000000000000e+03 -5.960017533690149328e-04
1.982000000000000000e+03 1.857895854983255060e-02
1.983000000000000000e+03 3.028998689692511629e-03
1.984000000000000000e+03 -6.324592250843413289e-03
1.985000000000000000e+03 6.022552080920734116e-03
1.986000000000000000e+03 -9.386007177015251446e-03
1.987000000000000000e+03 -2.366743169736915120e-02
1.988000000000000000e+03 -4.938524487070650865e-03
1.989000000000000000e+03 3.078780544697015936e-03
1.990000000000000000e+03 -1.139190626805609667e-02
1.991000000000000000e+03 -2.300118506826608327e-03
1.992000000000000000e+03 2.265538718486016442e-03
1.993000000000000000e+03 -2.096218174326630254e-02
1.994000000000000000e+03 2.623524010025894953e-03
1.995000000000000000e+03 -3.600192313619637961e-03
1.996000000000000000e+03 1.921769822331141631e-02
1.997000000000000000e+03 2.376633160456918456e-02
1.998000000000000000e+03 -1.221996040495185523e-02
1.999000000000000000e+03 7.041091833249816558e-03
2.000000000000000000e+03 -3.875160918785724908e-03
2.001000000000000000e+03 -4.220828063917952456e-04
2.002000000000000000e+03 9.501268723053410761e-03
2.003000000000000000e+03 -3.900198236842445081e-03
2.004000000000000000e+03 -3.325997433279920430e-03
2.005000000000000000e+03 -1.195108415596768392e-02
2.006000000000000000e+03 -1.285055026225392048e-02
2.007000000000000000e+03 -9.450430353590465182e-03
2.008000000000000000e+03 4.612473434083931741e-03
2.009000000000000000e+03 3.584390277253445695e-03
2.010000000000000000e+03 -2.661901221424587197e-02
2.011000000000000000e+03 4.758807278187070916e-03
2.012000000000000000e+03 -1.966345147623824521e-02
2.013000000000000000e+03 2.008856073781623355e-02
2.014000000000000000e+03 1.528520769707976054e-02
2.015000000000000000e+03 -9.197680495233884895e-03
2.016000000000000000e+03 -5.334251985865532363e-03
2.017000000000000000e+03 1.954616820116269766e-03
2.018000000000000000e+03 2.468285863839468283e-02
2.019000000000000000e+03 7.468217495695248821e-03
