1.979000000000000000e+03 1.263193950450901271e-02
1.980000000000000000e+03 -5.136557635121343467e-03
1.981000000000000000e+03 3.076678346090061349e-03
1.982000000000000000e+03 8.177189227147085501e-03
1.983000000000000000e+03 1.130377193429058912e-03
1.984000000000000000e+03 -3.546822727697909999e-03
1.985000000000000000e+03 2.196520503583200730e-03
1.986000000000000000e+03 -3.924100029260225997e-03
1.987000000000000000e+03 -1.165006375640757590e-02
1.988000000000000000e+03 -3.994578393154695796e-03
1.989000000000000000e+03 -7.470812738395046998e-04
1.990000000000000000e+03 -5.173792915960100276e-03
1.991000000000000000e+03 3.284267200300735310e-04
1.992000000000000000e+03 2.378233471036933847e-03
1.993000000000000000e+03 -1.008075834400692754e-02
1.994000000000000000e+03 2.346164567571279447e-03
1.995000000000000000e+03 -1.922264779176591004e-03
1.996000000000000000e+03 1.325289063721732906e-02
1.997000000000000000e+03 1.042531707911588737e-02
1.998000000000000000e+03 -8.878129005048409836e-03
1.999000000000000000e+03 1.897483531492412737e-03
2.000000000000000000e+03 8.737114690415574356e-04
2.001000000000000000e+03 -3.835613416360331065e-03
2.002000000000000000e+03 1.070113524853399077e-02
2.003000000000000000e+03 -2.064188531198202833e-03
2.004000000000000000e+03 5.308505302246293786e-03
2.005000000000000000e+03 -7.191647127131005172e-03
2.006000000000000000e+03 -7.814693138267599787e-03
2.007000000000000000e+03 -4.455671694424797637e-03
2.008000000000000000e+03 -3.184987022229412664e-04
2.009000000000000000e+03 4.566603953269780629e-03
2.010000000000000000e+03 -1.031976716789387120e-02
2.011000000000000000e+03 4.015514267572279847e-03
2.012000000000000000e+03 -9.059684546762329996e-03
2.013000000000000000e+03 5.070849853723235871e-03
2.014000000000000000e+03 5.300785395072307900e-03
2.015000000000000000e+03 -6.251005326502143480e-03
2.016000000000000000e+03 -3.587030976907370269e-03
2.017000000000000000e+03 9.258062472318063629e-04
2.018000000000000000e+03 1.206919247765963175e-02
2.019000000000000000e+03 3.278624491770667105e-03
