1.979000000000000000e+03 -1.097152532156151139e+01
1.980000000000000000e+03 2.404762515773556686e+01
1.981000000000000000e+03 -6.302414993051772996e+00
1.982000000000000000e+03 1.336697252464796115e+01
1.983000000000000000e+03 1.464627163840993873e+01
1.984000000000000000e+03 1.280921906548773581e+00
1.985000000000000000e+03 -3.461914652502075995e+01
1.986000000000000000e+03 7.231550112685741993e+00
1.987000000000000000e+03 -1.156656338642015136e+01
1.988000000000000000e+03 -2.191353458558651823e+01
1.989000000000000000e+03 1.457584488885954777e+01
1.990000000000000000e+03 -3.984264048859284646e+00
1.991000000000000000e+03 2.214094870619365096e+01
1.992000000000000000e+03 -2.446357144904194314e+01
1.993000000000000000e+03 -1.292846153072533433e+01
1.994000000000000000e+03 6.191110001621201953e+00
1.995000000000000000e+03 4.525543689703075501e+01
1.996000000000000000e+03 -2.428315149424446595e+00
1.997000000000000000e+03 -6.194093552074117603e+00
1.998000000000000000e+03 -4.093851018214736825e+01
1.999000000000000000e+03 -5.825587007845122400e+00
2.000000000000000000e+03 6.980575329172316046e+00
2.001000000000000000e+03 -1.624110463214083921e+00
2.002000000000000000e+03 1.875262241995499224e+01
2.003000000000000000e+03 2.097295768004333283e+01
2.004000000000000000e+03 3.767088209645012564e-01
2.005000000000000000e+03 2.112708831516502350e+00
2.006000000000000000e+03 -7.702005056622499568e-01
2.007000000000000000e+03 1.446424466972461964e+01
2.008000000000000000e+03 -8.342399669842738064e+00
2.009000000000000000e+03 -2.423770797798801979e+01
2.010000000000000000e+03 2.658359502246378270e+01
2.011000000000000000e+03 6.291679034462444697e+00
2.012000000000000000e+03 -9.283795356332438686e+00
2.013000000000000000e+03 -1.314953619210029423e+01
2.014000000000000000e+03 -2.430001432255252425e+01
2.015000000000000000e+03 -6.865290292842240127e+00
2.016000000000000000e+03 1.802107986430652886e+01
2.017000000000000000e+03 -8.935477076491947557e+00
2.018000000000000000e+03 -1.124480982440383414e+01
2.019000000000000000e+03 2.759647590684653906e+01
