1.979000000000000000e+03 3.975221976267786506e+00
1.980000000000000000e+03 1.979512614743850207e+01
1.981000000000000000e+03 2.747153165389667961e+01
1.982000000000000000e+03 -6.706759761392314445e+00
1.983000000000000000e+03 -1.262395648398017123e+01
1.984000000000000000e+03 2.085649184903512587e+00
1.985000000000000000e+03 -6.749437571691494497e+00
1.986000000000000000e+03 -5.229010718503838362e+00
1.987000000000000000e+03 4.681887766079412039e+00
1.988000000000000000e+03 -7.872532797956140804e+00
1.989000000000000000e+03 -3.885898961196863510e+00
1.990000000000000000e+03 -1.084966653713182438e+01
1.991000000000000000e+03 -1.114612384224051489e+01
1.992000000000000000e+03 2.391331101429177153e+01
1.993000000000000000e+03 -5.139776664028556041e+01
1.994000000000000000e+03 -2.754126863856953733e+01
1.995000000000000000e+03 8.290609243626191116e+00
1.996000000000000000e+03 5.144884052916621187e+01
1.997000000000000000e+03 -2.873730039607929498e+01
1.998000000000000000e+03 1.176245087865794936e+01
1.999000000000000000e+03 4.285388158646565415e+00
2.000000000000000000e+03 -3.905602660677037985e+00
2.001000000000000000e+03 9.647019496077540168e+00
2.002000000000000000e+03 -1.864322138164095932e+01
2.003000000000000000e+03 -3.580661730368216666e+01
2.004000000000000000e+03 9.861770309632718057e-01
2.005000000000000000e+03 1.949647905430574824e+01
2.006000000000000000e+03 3.710700818136820089e+01
2.007000000000000000e+03 -2.278529189355008810e+01
2.008000000000000000e+03 1.928082906893416038e+01
2.009000000000000000e+03 -2.082077223421062939e+01
2.010000000000000000e+03 3.370044319019027768e+01
2.011000000000000000e+03 2.174425642013077820e+01
2.012000000000000000e+03 4.966988928795444735e+01
2.013000000000000000e+03 -2.686289661263437978e+01
2.014000000000000000e+03 -1.439260941552017847e+01
2.015000000000000000e+03 -3.962565108675965320e+01
2.016000000000000000e+03 1.011627386260589923e+01
2.017000000000000000e+03 -1.411249950993480162e+00
2.018000000000000000e+03 1.964842215729164820e+01
2.019000000000000000e+03 -2.211317941410041144e+01
