1.979000000000000000e+03 -2.121589173861490707e+01
1.980000000000000000e+03 2.673020569773015964e+01
1.981000000000000000e+03 -1.002166129032728037e+01
1.982000000000000000e+03 -4.236413196845944640e+00
1.983000000000000000e+03 1.454702115079920155e+01
1.984000000000000000e+03 3.457772906048730022e+01
1.985000000000000000e+03 -6.544094572617372485e+00
1.986000000000000000e+03 3.013607215010429830e-01
1.987000000000000000e+03 -8.329029879431715244e-01
1.988000000000000000e+03 9.845047924447241527e+00
1.989000000000000000e+03 -1.284982073853036688e+01
1.990000000000000000e+03 -1.935320633483533115e+01
1.991000000000000000e+03 2.584780013231014095e+01
1.992000000000000000e+03 -6.804702586353664984e+00
1.993000000000000000e+03 -2.818529383665306032e+00
1.994000000000000000e+03 -1.779775436735279825e+01
1.995000000000000000e+03 1.790116517222070547e+00
1.996000000000000000e+03 1.902781352928808900e+01
1.997000000000000000e+03 -2.234969916100963161e+01
1.998000000000000000e+03 -1.952297642309613934e+01
1.999000000000000000e+03 1.907862725267244430e+00
2.000000000000000000e+03 -7.571767384183330840e+00
2.001000000000000000e+03 -1.283338508017229174e+01
2.002000000000000000e+03 -1.302809828126227387e+01
2.003000000000000000e+03 8.344100423946706258e+00
2.004000000000000000e+03 1.329620582707993570e+01
2.005000000000000000e+03 1.406061921808600523e+01
2.006000000000000000e+03 -1.141326984335199857e+00
2.007000000000000000e+03 7.036789638603905495e+00
2.008000000000000000e+03 -1.479539646692201060e+01
2.009000000000000000e+03 -1.536042996525344817e+00
2.010000000000000000e+03 -5.463752070014733064e+00
2.011000000000000000e+03 -8.195977762547309808e+00
2.012000000000000000e+03 2.018676165581006998e+01
2.013000000000000000e+03 -6.828283467598917689e+00
2.014000000000000000e+03 -1.159403020818300867e+01
2.015000000000000000e+03 9.083761674686838816e+00
2.016000000000000000e+03 2.247080740674604726e+01
2.017000000000000000e+03 4.095804255642540248e+00
2.018000000000000000e+03 -1.282115372207040593e+01
2.019000000000000000e+03 7.007059645352208044e+00
