1.979000000000000000e+03 -1.623364263933846274e+01
1.980000000000000000e+03 2.531270602763112620e+01
1.981000000000000000e+03 1.236320925322203390e+00
1.982000000000000000e+03 -1.092765729219270021e+01
1.983000000000000000e+03 5.456945110002498822e+00
1.984000000000000000e+03 3.484597148660553501e+01
1.985000000000000000e+03 2.745808411825723994e+00
1.986000000000000000e+03 -3.852159555562144622e+00
1.987000000000000000e+03 4.583247396223343095e+00
1.988000000000000000e+03 1.452538185365736467e+01
1.989000000000000000e+03 -1.900373535521584500e+01
1.990000000000000000e+03 -2.164167383092618380e+01
1.991000000000000000e+03 1.475210928283209988e+01
1.992000000000000000e+03 9.320924901424248787e+00
1.993000000000000000e+03 -1.564163108685206716e+01
1.994000000000000000e+03 -2.904188058074970513e+01
1.995000000000000000e+03 -1.053149270057944520e+01
1.996000000000000000e+03 3.698686542215163087e+01
1.997000000000000000e+03 -2.986410144234468333e+01
1.998000000000000000e+03 -1.955989402827679857e+00
1.999000000000000000e+03 5.278187780764479697e+00
2.000000000000000000e+03 -1.120049338079978085e+01
2.001000000000000000e+03 -9.076341760408411119e+00
2.002000000000000000e+03 -2.549337954846093268e+01
2.003000000000000000e+03 -1.058242457062846498e+01
2.004000000000000000e+03 1.349936189707953638e+01
2.005000000000000000e+03 1.985520929234908394e+01
2.006000000000000000e+03 1.148440924467494106e+01
2.007000000000000000e+03 -5.379722549154336342e+00
2.008000000000000000e+03 -5.587653553996369205e+00
2.009000000000000000e+03 -3.970644152662146653e-01
2.010000000000000000e+03 -3.091469347439231186e+00
2.011000000000000000e+03 -3.045118633991206192e+00
2.012000000000000000e+03 3.983798987057235763e+01
2.013000000000000000e+03 -1.139940360777695716e+01
2.014000000000000000e+03 -8.291561905838902291e+00
2.015000000000000000e+03 -1.836358589952313825e+00
2.016000000000000000e+03 1.983587207284583442e+01
2.017000000000000000e+03 6.603879964142040038e+00
2.018000000000000000e+03 -2.523409728171902788e+00
2.019000000000000000e+03 -9.562825461630103163e+00
