1.979000000000000000e+03 -2.585023411511741998e+01
1.980000000000000000e+03 9.179439808205064111e+00
1.981000000000000000e+03 -5.004981404272131584e+01
1.982000000000000000e+03 -1.501770245458678943e+01
1.983000000000000000e+03 5.749025554010001926e+00
1.984000000000000000e+03 3.707009984150391091e+01
1.985000000000000000e+03 1.099198658074178958e+01
1.986000000000000000e+03 -9.844349234085559175e+00
1.987000000000000000e+03 1.391036325819260533e+01
1.988000000000000000e+03 9.100950254111602078e+00
1.989000000000000000e+03 1.523775442940158154e-01
1.990000000000000000e+03 -2.558595677152204217e+01
1.991000000000000000e+03 3.038941282458177895e+01
1.992000000000000000e+03 1.030467599543483104e+01
1.993000000000000000e+03 -1.463651594990543536e+01
1.994000000000000000e+03 -2.057672723533806547e+01
1.995000000000000000e+03 -3.744347843947778642e+00
1.996000000000000000e+03 6.154111787132646327e+01
1.997000000000000000e+03 2.095347787285132490e+00
1.998000000000000000e+03 2.253390488069434383e+01
1.999000000000000000e+03 9.620513354796447203e+00
2.000000000000000000e+03 -3.184371475775706894e+00
2.001000000000000000e+03 -3.331629988540677090e+01
2.002000000000000000e+03 -1.967263519908592784e+01
2.003000000000000000e+03 -1.498989490411016257e-01
2.004000000000000000e+03 3.537443238362831721e+01
2.005000000000000000e+03 -5.713507818949282502e+00
2.006000000000000000e+03 -1.810595691257099560e+01
2.007000000000000000e+03 3.718979497222468922e+01
2.008000000000000000e+03 -3.766398629879424220e+01
2.009000000000000000e+03 8.100948488844132100e+00
2.010000000000000000e+03 -2.421199069525030367e+01
2.011000000000000000e+03 1.240655746722416630e+00
2.012000000000000000e+03 2.359279217743445400e+01
2.013000000000000000e+03 -3.621772701019094143e+01
2.014000000000000000e+03 5.817111732101444055e+00
2.015000000000000000e+03 3.864316551179346959e+01
2.016000000000000000e+03 2.743229291960736660e+01
2.017000000000000000e+03 2.065277276178660770e+01
2.018000000000000000e+03 -5.935109009989305662e+01
2.019000000000000000e+03 -1.779007025713813306e+01
