1.979000000000000000e+03 -2.682591577916576853e+01
1.980000000000000000e+03 4.696355212724980532e+01
1.981000000000000000e+03 2.628724516479125484e+01
1.982000000000000000e+03 -1.105850966059899321e+01
1.983000000000000000e+03 2.324576625997766754e+01
1.984000000000000000e+03 6.538216543340922726e+01
1.985000000000000000e+03 3.994876226426852472e+00
1.986000000000000000e+03 3.516881285902960119e+00
1.987000000000000000e+03 -4.842508835601990747e+00
1.988000000000000000e+03 4.234772810481661054e+01
1.989000000000000000e+03 -5.327768464874469601e+01
1.990000000000000000e+03 -2.848939818412465286e+01
1.991000000000000000e+03 2.501303886615500716e+01
1.992000000000000000e+03 -6.255212305453855315e+00
1.993000000000000000e+03 1.910938932963485115e+01
1.994000000000000000e+03 -3.900764586834155523e+01
1.995000000000000000e+03 -3.614073950141675340e+01
1.996000000000000000e+03 -2.029362134037761223e+00
1.997000000000000000e+03 -6.295035171823990083e+01
1.998000000000000000e+03 -4.016432396783540071e+01
1.999000000000000000e+03 1.928661828850426696e+00
2.000000000000000000e+03 -2.651150600594659679e+01
2.001000000000000000e+03 -3.559744891895979091e+00
2.002000000000000000e+03 -3.816428206465591444e+01
2.003000000000000000e+03 4.209242540837857760e+00
2.004000000000000000e+03 4.137476276647030993e+00
2.005000000000000000e+03 4.578265664169075677e+01
2.006000000000000000e+03 1.545217646522764809e+01
2.007000000000000000e+03 -3.054367072613758793e+01
2.008000000000000000e+03 1.620196567870954230e+00
2.009000000000000000e+03 1.152863049956785524e+01
2.010000000000000000e+03 -1.876286053725767644e+01
2.011000000000000000e+03 -3.212026806882678898e+01
2.012000000000000000e+03 4.625128814632819996e+01
2.013000000000000000e+03 2.888241279949449236e+01
2.014000000000000000e+03 -1.629918803409794492e+01
2.015000000000000000e+03 -4.526590194890729890e+00
2.016000000000000000e+03 2.195904943632424278e+01
2.017000000000000000e+03 5.701170816329701463e-01
2.018000000000000000e+03 3.213243875808566230e+01
2.019000000000000000e+03 1.121477328634820303e+01
