1.979000000000000000e+03 -1.772582596636032548e+01
1.980000000000000000e+03 1.768491124207014664e+01
1.981000000000000000e+03 -1.227354217958379401e+01
1.982000000000000000e+03 7.787432067249333123e+00
1.983000000000000000e+03 9.458317910144709018e+00
1.984000000000000000e+03 -3.515445092583062703e+00
1.985000000000000000e+03 -3.902392679501920725e+01
1.986000000000000000e+03 3.218356571820692569e+00
1.987000000000000000e+03 -1.518817019815180558e+01
1.988000000000000000e+03 -2.514355466818477325e+01
1.989000000000000000e+03 1.173741153539468129e+01
1.990000000000000000e+03 -6.431110673190755911e+00
1.991000000000000000e+03 2.008568881099556691e+01
1.992000000000000000e+03 -2.612724461510662621e+01
1.993000000000000000e+03 -1.420054796765662175e+01
1.994000000000000000e+03 5.310610293823307515e+00
1.995000000000000000e+03 4.476652391836625355e+01
1.996000000000000000e+03 -2.525641398955551509e+00
1.997000000000000000e+03 -5.899833072471831308e+00
1.998000000000000000e+03 -4.025266297341167387e+01
1.999000000000000000e+03 -4.748153069976045693e+00
2.000000000000000000e+03 8.449595996174789292e+00
2.001000000000000000e+03 2.364969329217825322e-01
2.002000000000000000e+03 2.100481654522425146e+01
2.003000000000000000e+03 2.361673853444599303e+01
2.004000000000000000e+03 3.412076404500548943e+00
2.005000000000000000e+03 5.539663144185944965e+00
2.006000000000000000e+03 3.048340536140586199e+00
2.007000000000000000e+03 1.867437244066084645e+01
2.008000000000000000e+03 -3.740685169773113383e+00
2.009000000000000000e+03 -1.924440674878499635e+01
2.010000000000000000e+03 3.196848298080019646e+01
2.011000000000000000e+03 1.206815372193225322e+01
2.012000000000000000e+03 -3.115733939729234958e+00
2.013000000000000000e+03 -6.589888046363697072e+00
2.014000000000000000e+03 -1.734877944768253144e+01
2.015000000000000000e+03 4.775313111611458328e-01
2.016000000000000000e+03 2.575548819744330231e+01
2.017000000000000000e+03 -8.094820142217697967e-01
2.018000000000000000e+03 -2.727228033000264951e+00
2.019000000000000000e+03 3.650564442738350124e+01
