1.979000000000000000e+03 -2.633807494714159603e+01
1.980000000000000000e+03 2.807149596772745070e+01
1.981000000000000000e+03 -1.188128443896503050e+01
1.982000000000000000e+03 -1.303810605759289487e+01
1.983000000000000000e+03 1.449739590699381786e+01
1.984000000000000000e+03 5.122613263745655843e+01
1.985000000000000000e+03 7.493431403584328798e+00
1.986000000000000000e+03 -3.163733974091298862e+00
1.987000000000000000e+03 4.533927211295313064e+00
1.988000000000000000e+03 2.572433917946410986e+01
1.989000000000000000e+03 -2.656265355222533842e+01
1.990000000000000000e+03 -2.703767747782334396e+01
1.991000000000000000e+03 2.770122584536839838e+01
1.992000000000000000e+03 2.024731844990481644e+00
1.993000000000000000e+03 2.236436689864698124e+00
1.994000000000000000e+03 -2.979218655183981213e+01
1.995000000000000000e+03 -1.994254367268226602e+01
1.996000000000000000e+03 2.975587786864436168e+01
1.997000000000000000e+03 -3.042750196547739350e+01
1.998000000000000000e+03 -8.815209543570524886e+00
1.999000000000000000e+03 5.774587591823438615e+00
2.000000000000000000e+03 -1.484793874086114585e+01
2.001000000000000000e+03 -1.843802238865137966e+01
2.002000000000000000e+03 -2.891845863187092647e+01
2.003000000000000000e+03 2.029671795898378317e+00
2.004000000000000000e+03 1.975595433013767277e+01
2.005000000000000000e+03 2.003457441137074113e+01
2.006000000000000000e+03 -1.326890223671669311e+00
2.007000000000000000e+03 3.323062123043553306e+00
2.008000000000000000e+03 -1.802189486546163977e+01
2.009000000000000000e+03 9.814789494205987452e+00
2.010000000000000000e+03 -2.148742561625399006e+01
2.011000000000000000e+03 -1.543980616105219106e+01
2.012000000000000000e+03 3.492204016188132698e+01
2.013000000000000000e+03 -3.667657105348225866e+00
2.014000000000000000e+03 -5.241038150998253542e+00
2.015000000000000000e+03 1.705828765845136985e+01
2.016000000000000000e+03 2.469567117796580646e+01
2.017000000000000000e+03 1.061144492170978815e+01
2.018000000000000000e+03 -1.360932567090370426e+01
2.019000000000000000e+03 -3.287648485394955689e+00
