1.979000000000000000e+03 -2.403762559926225606e+01
1.980000000000000000e+03 2.413790836083305891e+01
1.981000000000000000e+03 -1.238452210347413107e+01
1.982000000000000000e+03 -6.369837486242544422e+00
1.983000000000000000e+03 1.264303338515284914e+01
1.984000000000000000e+03 3.290317781859120316e+01
1.985000000000000000e+03 -7.989209290763225724e+00
1.986000000000000000e+03 -9.143174728945573371e-01
1.987000000000000000e+03 -1.819144658588520924e+00
1.988000000000000000e+03 9.088242777552141050e+00
1.989000000000000000e+03 -1.337718936167521910e+01
1.990000000000000000e+03 -1.965113843422992801e+01
1.991000000000000000e+03 2.577930455666579235e+01
1.992000000000000000e+03 -6.643761638247763557e+00
1.993000000000000000e+03 -2.428151911809157237e+00
1.994000000000000000e+03 -1.717794037174640209e+01
1.995000000000000000e+03 2.639367036578721848e+00
1.996000000000000000e+03 2.010650057239499588e+01
1.997000000000000000e+03 -2.104157559415248357e+01
1.998000000000000000e+03 -1.798541633248873595e+01
1.999000000000000000e+03 3.674859339624897192e+00
2.000000000000000000e+03 -5.575334246075428268e+00
2.001000000000000000e+03 -1.060751541831413469e+01
2.002000000000000000e+03 -1.057279209565386857e+01
2.003000000000000000e+03 1.102884313330536159e+01
2.004000000000000000e+03 1.621038506018883751e+01
2.005000000000000000e+03 1.720423497494515885e+01
2.006000000000000000e+03 2.231725296274203352e+00
2.007000000000000000e+03 1.063927844296356007e+01
2.008000000000000000e+03 -1.096347113881210333e+01
2.009000000000000000e+03 2.525318855334810042e+00
2.010000000000000000e+03 -1.172953694404326175e+00
2.011000000000000000e+03 -3.675742863186653775e+00
2.012000000000000000e+03 2.493643307892097383e+01
2.013000000000000000e+03 -1.849175520737761591e+00
2.014000000000000000e+03 -6.385485737571602094e+00
2.015000000000000000e+03 1.452174266904849631e+01
2.016000000000000000e+03 2.813822492485795479e+01
2.017000000000000000e+03 9.992658297504698695e+00
2.018000000000000000e+03 -6.694863156458000120e+00
2.019000000000000000e+03 1.336278673471486833e+01
