1.979000000000000000e+03 -1.591236237434831935e+01
1.980000000000000000e+03 -1.376719901428912181e+02
1.981000000000000000e+03 1.710559011666664730e+02
1.982000000000000000e+03 -2.477635819682026579e+02
1.983000000000000000e+03 2.243455268904857576e+02
1.984000000000000000e+03 1.439263272069130437e+02
1.985000000000000000e+03 -1.789276158132142882e+02
1.986000000000000000e+03 9.826721158241947762e+01
1.987000000000000000e+03 7.598641707811999879e+01
1.988000000000000000e+03 5.335843465509687888e+01
1.989000000000000000e+03 -1.093559218901945371e+02
1.990000000000000000e+03 -6.485993335055809439e+00
1.991000000000000000e+03 -2.056206232545604848e+02
1.992000000000000000e+03 1.617502597309063788e+02
1.993000000000000000e+03 1.349085441640771137e+02
1.994000000000000000e+03 2.033843300225466066e+01
1.995000000000000000e+03 7.489370864816011775e+00
1.996000000000000000e+03 -1.988372340592210108e+01
1.997000000000000000e+03 -1.111350203471600935e+02
1.998000000000000000e+03 8.979600397423209301e+01
1.999000000000000000e+03 -2.777553220393784628e+01
2.000000000000000000e+03 6.742558443924480116e+01
2.001000000000000000e+03 1.845957039886720707e+01
2.002000000000000000e+03 -1.860734267161360549e+02
2.003000000000000000e+03 -4.687652721490835894e+00
2.004000000000000000e+03 -4.870752940599591341e+01
2.005000000000000000e+03 1.292285847256077034e+02
2.006000000000000000e+03 -1.421556969899234844e+02
2.007000000000000000e+03 -1.241804047275067013e+01
2.008000000000000000e+03 -1.834688926710673229e+01
2.009000000000000000e+03 -2.189884317464512264e+02
2.010000000000000000e+03 1.745035800272014228e+02
2.011000000000000000e+03 2.403272496072297315e-01
2.012000000000000000e+03 -1.328618005466949228e+02
2.013000000000000000e+03 7.917808283393803492e+00
2.014000000000000000e+03 4.020463739463086483e+01
2.015000000000000000e+03 6.898406750715933811e+01
2.016000000000000000e+03 1.261266056704970993e+02
2.017000000000000000e+03 1.881865685351525741e+01
2.018000000000000000e+03 -9.869115707609422827e+01
2.019000000000000000e+03 9.033113681241886184e+01
