1.979000000000000000e+03 -8.098153100897197021e+01
1.980000000000000000e+03 -1.239692420555163181e+02
1.981000000000000000e+03 3.262089140253086157e+02
1.982000000000000000e+03 -2.510279908825014559e+02
1.983000000000000000e+03 1.871712780080802361e+02
1.984000000000000000e+03 -3.456668849342579009e+00
1.985000000000000000e+03 1.901213407408256160e+02
1.986000000000000000e+03 1.943557130473126904e+02
1.987000000000000000e+03 1.013215414877988394e+02
1.988000000000000000e+03 -1.215082228619694504e+01
1.989000000000000000e+03 -2.296334081704198411e+02
1.990000000000000000e+03 -1.861473777244272014e+02
1.991000000000000000e+03 -1.213418211110287643e+02
1.992000000000000000e+03 1.691004537574531525e+02
1.993000000000000000e+03 -1.341973023361857145e+02
1.994000000000000000e+03 -3.142179600701457787e+01
1.995000000000000000e+03 1.616253008710696122e+02
1.996000000000000000e+03 -1.473807208665964765e+02
1.997000000000000000e+03 2.695621902979929629e+01
1.998000000000000000e+03 6.225068964276451311e+01
1.999000000000000000e+03 -1.183779228043553928e+02
2.000000000000000000e+03 -1.534627564522136254e+02
2.001000000000000000e+03 1.797323997856950371e+02
2.002000000000000000e+03 -1.411630031380516357e+02
2.003000000000000000e+03 2.284637774459669970e+02
2.004000000000000000e+03 -3.440985711120970336e+01
2.005000000000000000e+03 -6.087751273332731472e+01
2.006000000000000000e+03 -5.152346621333521881e+01
2.007000000000000000e+03 -4.217366773907456690e+01
2.008000000000000000e+03 -2.051114286261244501e+02
2.009000000000000000e+03 -2.911169270617526905e+01
2.010000000000000000e+03 2.027394451766307952e+02
2.011000000000000000e+03 -2.084266639487476169e+01
2.012000000000000000e+03 -6.895641567364323521e+01
2.013000000000000000e+03 -1.291872850012429126e+02
2.014000000000000000e+03 3.728506495842937341e+01
2.015000000000000000e+03 7.916986180947485252e+01
2.016000000000000000e+03 2.338271897922396079e+02
2.017000000000000000e+03 -6.629826748909272283e+01
2.018000000000000000e+03 2.185395186911954468e+01
2.019000000000000000e+03 4.102148193295391110e+01
