1.979000000000000000e+03 -1.121821273757286832e+02
1.980000000000000000e+03 2.007051333472206522e+01
1.981000000000000000e+03 7.421356645604844005e+01
1.982000000000000000e+03 -2.312713947406890895e+02
1.983000000000000000e+03 2.313119307246513472e+02
1.984000000000000000e+03 1.089524224743229439e+02
1.985000000000000000e+03 -2.116557213312970305e+02
1.986000000000000000e+03 8.190817966821725804e+01
1.987000000000000000e+03 7.320085762769275561e+01
1.988000000000000000e+03 6.606337065338122727e+01
1.989000000000000000e+03 -1.762123786976449935e+02
1.990000000000000000e+03 -1.317558142979245304e+02
1.991000000000000000e+03 -3.809891119695672046e+01
1.992000000000000000e+03 1.098012731297984459e+02
1.993000000000000000e+03 1.177847887353987062e+02
1.994000000000000000e+03 -9.821245207531715948e+01
1.995000000000000000e+03 3.077228158813702308e+01
1.996000000000000000e+03 -2.200317963235061924e+01
1.997000000000000000e+03 -4.708730106791625758e+01
1.998000000000000000e+03 1.788840897483616743e+02
1.999000000000000000e+03 1.213089154376087109e+01
2.000000000000000000e+03 9.064060837170895013e+01
2.001000000000000000e+03 -5.480409950091258509e+01
2.002000000000000000e+03 -6.386965761658913721e+01
2.003000000000000000e+03 -5.509741062596461347e+00
2.004000000000000000e+03 5.339790313005593703e+01
2.005000000000000000e+03 9.094040700690536028e+01
2.006000000000000000e+03 -9.613648969041361170e+01
2.007000000000000000e+03 2.820910992055318367e+00
2.008000000000000000e+03 3.953035149575923057e+00
2.009000000000000000e+03 -1.715777541693493333e+02
2.010000000000000000e+03 2.418740176128299311e+02
2.011000000000000000e+03 -9.594427392347994044e+01
2.012000000000000000e+03 -3.435408899292772844e+01
2.013000000000000000e+03 6.174192032572186406e+00
2.014000000000000000e+03 8.925471022380815356e-02
2.015000000000000000e+03 1.124842552014225561e+02
2.016000000000000000e+03 2.122866052861481307e+02
2.017000000000000000e+03 -9.476466606388397551e+00
2.018000000000000000e+03 -2.114063459582625057e+02
2.019000000000000000e+03 -1.081971572412460034e+02
