1.979000000000000000e+03 -1.017819285868098831e+02
1.980000000000000000e+03 -2.794273846202402467e+01
1.981000000000000000e+03 1.582120156458018698e+02
1.982000000000000000e+03 -2.378569267879599920e+02
1.983000000000000000e+03 2.165983798191275582e+02
1.984000000000000000e+03 7.148272536643452213e+01
1.985000000000000000e+03 -7.773003397392282920e+01
1.986000000000000000e+03 1.193906907945825111e+02
1.987000000000000000e+03 8.257441891439479775e+01
1.988000000000000000e+03 3.999197300685503365e+01
1.989000000000000000e+03 -1.940193885219032097e+02
1.990000000000000000e+03 -1.498863354400920969e+02
1.991000000000000000e+03 -6.584654783498069719e+01
1.992000000000000000e+03 1.295676666723500716e+02
1.993000000000000000e+03 3.379075837820387562e+01
1.994000000000000000e+03 -7.594890005254973175e+01
1.995000000000000000e+03 7.438995468244779374e+01
1.996000000000000000e+03 -6.379569337709926202e+01
1.997000000000000000e+03 -2.240612770201094861e+01
1.998000000000000000e+03 1.400062897131625732e+02
1.999000000000000000e+03 -3.137204657227787763e+01
2.000000000000000000e+03 9.272820097068036560e+00
2.001000000000000000e+03 2.337473359462349265e+01
2.002000000000000000e+03 -8.963410612374320863e+01
2.003000000000000000e+03 7.248143177359133915e+01
2.004000000000000000e+03 2.412864971630069988e+01
2.005000000000000000e+03 4.033443376016100501e+01
2.006000000000000000e+03 -8.126548186472088275e+01
2.007000000000000000e+03 -1.217728191832123663e+01
2.008000000000000000e+03 -6.573511944232416226e+01
2.009000000000000000e+03 -1.240890670149580615e+02
2.010000000000000000e+03 2.288291601340969805e+02
2.011000000000000000e+03 -7.091040474727819287e+01
2.012000000000000000e+03 -4.588819788649959008e+01
2.013000000000000000e+03 -3.894630031203291765e+01
2.014000000000000000e+03 1.248785812629238912e+01
2.015000000000000000e+03 1.013794574041066880e+02
2.016000000000000000e+03 2.194668001215120228e+02
2.017000000000000000e+03 -2.841706690062324014e+01
2.018000000000000000e+03 -1.336529133491351899e+02
2.019000000000000000e+03 -5.845761084984608402e+01
