1.979000000000000000e+03 -1.295492563902957670e+02
1.980000000000000000e+03 1.751580639330650229e+02
1.981000000000000000e+03 -1.207583890659528549e+02
1.982000000000000000e+03 -1.652715538042646699e+02
1.983000000000000000e+03 -3.110558256841351010e+00
1.984000000000000000e+03 7.520770083644571002e+01
1.985000000000000000e+03 -8.026292159142862204e+01
1.986000000000000000e+03 -8.150368851328002506e+01
1.987000000000000000e+03 1.676802279546213299e+02
1.988000000000000000e+03 7.935202659260041003e+01
1.989000000000000000e+03 -1.589383530123425281e+01
1.990000000000000000e+03 2.448612014328934094e+01
1.991000000000000000e+03 -1.054649921778651134e+00
1.992000000000000000e+03 8.758504509605567989e+01
1.993000000000000000e+03 1.480212630038865598e+02
1.994000000000000000e+03 5.700482115482600420e+00
1.995000000000000000e+03 -1.539461836845562992e+01
1.996000000000000000e+03 1.286877304548893051e+02
1.997000000000000000e+03 1.009031406069849766e+02
1.998000000000000000e+03 3.481292132949739226e+01
1.999000000000000000e+03 -8.324634021448981969e+01
2.000000000000000000e+03 1.682810009577283950e+01
2.001000000000000000e+03 -1.293797511856239453e+02
2.002000000000000000e+03 -1.761014313799408342e+02
2.003000000000000000e+03 -8.126023900460789662e+01
2.004000000000000000e+03 7.766017917235836876e+01
2.005000000000000000e+03 7.055272642442619713e+01
2.006000000000000000e+03 -4.358694134239069484e+01
2.007000000000000000e+03 1.175032921755662159e+02
2.008000000000000000e+03 -1.524630715519430169e+02
2.009000000000000000e+03 -6.325833008275635194e+01
2.010000000000000000e+03 -1.659132311875679022e+01
2.011000000000000000e+03 -1.041524479217482195e+02
2.012000000000000000e+03 3.869988177078064240e+01
2.013000000000000000e+03 -8.072891603909303626e+01
2.014000000000000000e+03 6.142816545571281317e+00
2.015000000000000000e+03 -5.788372058090186556e+01
2.016000000000000000e+03 2.002107480192409241e+02
2.017000000000000000e+03 5.157990514259414283e+01
2.018000000000000000e+03 9.509083971633520704e-01
2.019000000000000000e+03 -6.271296174508002252e+00
