1.979000000000000000e+03 -2.084518923771091181e+02
1.980000000000000000e+03 1.778130168123354053e+02
1.981000000000000000e+03 -2.262876825456968888e+01
1.982000000000000000e+03 -2.147792075131755780e+02
1.983000000000000000e+03 2.382783345588168800e+02
1.984000000000000000e+03 7.397851774173278727e+01
1.985000000000000000e+03 -2.443838268493798012e+02
1.986000000000000000e+03 6.554914775401519478e+01
1.987000000000000000e+03 7.041529817726555507e+01
1.988000000000000000e+03 7.876830665166559697e+01
1.989000000000000000e+03 -2.430688355050953930e+02
1.990000000000000000e+03 -2.570256352607932513e+02
1.991000000000000000e+03 1.294228008606470155e+02
1.992000000000000000e+03 5.785228652869048460e+01
1.993000000000000000e+03 1.006610333067201992e+02
1.994000000000000000e+03 -2.167633371528890223e+02
1.995000000000000000e+03 5.405519231145797221e+01
1.996000000000000000e+03 -2.412263585877921912e+01
1.997000000000000000e+03 1.696041821132771332e+01
1.998000000000000000e+03 2.679721755224912840e+02
1.999000000000000000e+03 5.203731529145964885e+01
2.000000000000000000e+03 1.138556323041730565e+02
2.001000000000000000e+03 -1.280677694006923559e+02
2.002000000000000000e+03 5.833411148295783022e+01
2.003000000000000000e+03 -6.331829403702128545e+00
2.004000000000000000e+03 1.555033356661077448e+02
2.005000000000000000e+03 5.265222928820302428e+01
2.006000000000000000e+03 -5.011728239090389536e+01
2.007000000000000000e+03 1.805986245686138858e+01
2.008000000000000000e+03 2.625295956625864235e+01
2.009000000000000000e+03 -1.241670765922474970e+02
2.010000000000000000e+03 3.092444551984584677e+02
2.011000000000000000e+03 -1.921288750965671284e+02
2.012000000000000000e+03 6.415362256083949433e+01
2.013000000000000000e+03 4.430575781750516029e+00
2.014000000000000000e+03 -4.002612797418321833e+01
2.015000000000000000e+03 1.559844428956859588e+02
2.016000000000000000e+03 2.984466049017991622e+02
2.017000000000000000e+03 -3.777159006629210580e+01
2.018000000000000000e+03 -3.241215348404307406e+02
2.019000000000000000e+03 -3.067254512949108971e+02
