1.979000000000000000e+03 -7.952487773110198077e+01
1.980000000000000000e+03 5.030317079980989092e+01
1.981000000000000000e+03 1.020216317415973606e+02
1.982000000000000000e+03 -2.058879216346790884e+02
1.983000000000000000e+03 2.542708116511225001e+02
1.984000000000000000e+03 1.294867112212551774e+02
1.985000000000000000e+03 -1.935460247639036595e+02
1.986000000000000000e+03 9.759328405607175227e+01
1.987000000000000000e+03 8.646136983600831627e+01
1.988000000000000000e+03 7.689929068215792540e+01
1.989000000000000000e+03 -1.678010508484071863e+02
1.990000000000000000e+03 -1.257690786282256568e+02
1.991000000000000000e+03 -3.453676770679670938e+01
1.992000000000000000e+03 1.109388244404195376e+02
1.993000000000000000e+03 1.164977478664809212e+02
1.994000000000000000e+03 -1.019240851237738212e+02
1.995000000000000000e+03 2.463605636014145972e+01
1.996000000000000000e+03 -3.056399703988507710e+01
1.997000000000000000e+03 -5.807271065498959217e+01
1.998000000000000000e+03 1.654740879817494488e+02
1.999000000000000000e+03 -3.703702402390261383e+00
2.000000000000000000e+03 7.238142224601891428e+01
2.001000000000000000e+03 -7.548787780614149767e+01
2.002000000000000000e+03 -8.697802810135694074e+01
2.003000000000000000e+03 -3.104270372690315227e+01
2.004000000000000000e+03 2.544034828621032673e+01
2.005000000000000000e+03 6.055825998352087680e+01
2.006000000000000000e+03 -1.289432288933369932e+02
2.007000000000000000e+03 -3.241042039040695499e+01
2.008000000000000000e+03 -3.370288841242523858e+01
2.009000000000000000e+03 -2.116582699108894303e+02
2.010000000000000000e+03 1.993689096917510142e+02
2.011000000000000000e+03 -1.408739740240977767e+02
2.012000000000000000e+03 -8.170838127308446985e+01
2.013000000000000000e+03 -4.360469242712344595e+01
2.014000000000000000e+03 -5.211422192901070360e+01
2.015000000000000000e+03 5.785618638264914892e+01
2.016000000000000000e+03 1.552339442878358113e+02
2.017000000000000000e+03 -6.895371978423958126e+01
2.018000000000000000e+03 -2.733081913156526070e+02
2.019000000000000000e+03 -1.725235947781749815e+02
