1.979000000000000000e+03 1.354606401935179250e+01
1.980000000000000000e+03 -1.100646079152109280e+02
1.981000000000000000e+03 1.968122392283269164e+02
1.982000000000000000e+03 -2.238582880725620043e+02
1.983000000000000000e+03 2.463997766201065645e+02
1.984000000000000000e+03 1.641295327705140608e+02
1.985000000000000000e+03 -1.605754544156331463e+02
1.986000000000000000e+03 1.147683288139808155e+02
1.987000000000000000e+03 9.063649014366151846e+01
1.988000000000000000e+03 6.615746355461858741e+01
1.989000000000000000e+03 -9.840793715669266817e+01
1.990000000000000000e+03 2.610947232426276798e+00
1.991000000000000000e+03 -1.983747268530982808e+02
1.992000000000000000e+03 1.671451119663488214e+02
1.993000000000000000e+03 1.384523522334997381e+02
1.994000000000000000e+03 2.203119690565744548e+01
1.995000000000000000e+03 7.331090602198970352e+00
1.996000000000000000e+03 -2.189304783455896342e+01
1.997000000000000000e+03 -1.149953889418167989e+02
1.998000000000000000e+03 8.408459121355558352e+01
1.999000000000000000e+03 -3.533798913063417757e+01
2.000000000000000000e+03 5.801208334652866228e+01
2.001000000000000000e+03 7.195025140131239283e+00
2.002000000000000000e+03 -1.991890161408917947e+02
2.003000000000000000e+03 -1.965428631226646061e+01
2.004000000000000000e+03 -6.552520716279136082e+01
2.005000000000000000e+03 1.105598628027924377e+02
2.006000000000000000e+03 -1.626754630787585256e+02
2.007000000000000000e+03 -3.478885072760557762e+01
2.008000000000000000e+03 -4.256874368798145269e+01
2.009000000000000000e+03 -2.450613303333457793e+02
2.010000000000000000e+03 1.465796372742870517e+02
2.011000000000000000e+03 -2.953465966932695252e+01
2.012000000000000000e+03 -1.644878316316489588e+02
2.013000000000000000e+03 -2.555926696758002237e+01
2.014000000000000000e+03 4.876517977637210954e+00
2.015000000000000000e+03 3.180490392414586154e+01
2.016000000000000000e+03 8.709639792146379023e+01
2.017000000000000000e+03 -2.206259506153786276e+01
2.018000000000000000e+03 -1.414234531571672449e+02
2.019000000000000000e+03 4.574779656532609096e+01
