1.979000000000000000e+03 -9.225144153717756978e+01
1.980000000000000000e+03 9.569381615651896311e+01
1.981000000000000000e+03 3.135809101667291188e+01
1.982000000000000000e+03 -1.889285475816470239e+02
1.983000000000000000e+03 1.717217250233300092e+02
1.984000000000000000e+03 1.144625296664822827e+02
1.985000000000000000e+03 -1.528920499009468017e+02
1.986000000000000000e+03 4.061135223705473862e+01
1.987000000000000000e+03 1.160755001449477675e+02
1.988000000000000000e+03 8.008216548700870874e+01
1.989000000000000000e+03 -1.149758975993445631e+02
1.990000000000000000e+03 -7.367047907241411053e+01
1.991000000000000000e+03 -2.153840991451602349e+01
1.992000000000000000e+03 1.048160017548746623e+02
1.993000000000000000e+03 1.284914752401608098e+02
1.994000000000000000e+03 -6.473922181750882032e+01
1.995000000000000000e+03 1.242662424242354646e+01
1.996000000000000000e+03 2.347815681548911826e+01
1.997000000000000000e+03 -4.298396978580409922e+00
1.998000000000000000e+03 1.225268475853846724e+02
1.999000000000000000e+03 -2.978731462006926023e+01
2.000000000000000000e+03 5.411836714759263600e+01
2.001000000000000000e+03 -9.337299808234499210e+01
2.002000000000000000e+03 -1.167828731119593613e+02
2.003000000000000000e+03 -4.805480750524418454e+01
2.004000000000000000e+03 4.239815179445506033e+01
2.005000000000000000e+03 6.326506057531958049e+01
2.006000000000000000e+03 -1.012917026995562964e+02
2.007000000000000000e+03 1.658436604035092543e+01
2.008000000000000000e+03 -7.444194865152940110e+01
2.009000000000000000e+03 -1.635198372621416922e+02
2.010000000000000000e+03 1.258780700262533401e+02
2.011000000000000000e+03 -1.303134421533415548e+02
2.012000000000000000e+03 -4.342815185652126786e+01
2.013000000000000000e+03 -5.801117333053701941e+01
2.014000000000000000e+03 -3.490283023827211650e+01
2.015000000000000000e+03 1.689271482597830598e+01
2.016000000000000000e+03 1.676668281947852961e+02
2.017000000000000000e+03 -3.151111024684559681e+01
2.018000000000000000e+03 -1.847996382842963214e+02
2.019000000000000000e+03 -1.201931902179001099e+02
