1.979000000000000000e+03 -1.177045691493289468e+02
1.980000000000000000e+03 1.864751068699366385e+02
1.981000000000000000e+03 -1.099689904331764865e+02
1.982000000000000000e+03 -1.550097994755835202e+02
1.983000000000000000e+03 6.623551767744530139e+00
1.984000000000000000e+03 8.441416655693636528e+01
1.985000000000000000e+03 -7.158410017503321399e+01
1.986000000000000000e+03 -7.335251140097986422e+01
1.987000000000000000e+03 1.753037607628262435e+02
1.988000000000000000e+03 8.644791509671009067e+01
1.989000000000000000e+03 -9.325591101219810497e+00
1.990000000000000000e+03 3.052672003920855204e+01
1.991000000000000000e+03 4.458305670045312752e+00
1.992000000000000000e+03 9.257035638378440012e+01
1.993000000000000000e+03 1.524789299875200470e+02
1.994000000000000000e+03 9.630504795020854658e+00
1.995000000000000000e+03 -1.199223999301263177e+01
1.996000000000000000e+03 1.315624645262370791e+02
1.997000000000000000e+03 1.032502303742374892e+02
1.998000000000000000e+03 3.663236679265467188e+01
1.999000000000000000e+03 -8.195453905542777306e+01
2.000000000000000000e+03 1.759225695073963536e+01
2.001000000000000000e+03 -1.291432386347523504e+02
2.002000000000000000e+03 -1.763925631331645434e+02
2.003000000000000000e+03 -8.207901506192679619e+01
2.004000000000000000e+03 7.631375881094420777e+01
2.005000000000000000e+03 6.867866175891680314e+01
2.006000000000000000e+03 -4.598865031199531472e+01
2.007000000000000000e+03 1.145739389018663417e+02
2.008000000000000000e+03 -1.559200691297381240e+02
2.009000000000000000e+03 -6.724297196464672766e+01
2.010000000000000000e+03 -2.110360930474239893e+01
2.011000000000000000e+03 -1.091923784118290541e+02
2.012000000000000000e+03 3.313230697660455348e+01
2.013000000000000000e+03 -8.682413513736437949e+01
2.014000000000000000e+03 -4.800468567952798082e-01
2.015000000000000000e+03 -6.503422828736367478e+01
2.016000000000000000e+03 1.925325960086838961e+02
2.017000000000000000e+03 4.337410882794186051e+01
2.018000000000000000e+03 -7.782532221584173016e+00
2.019000000000000000e+03 -1.553238109735077543e+01
