1.979000000000000000e+03 -1.179711703805844678e+02
1.980000000000000000e+03 7.176636353416974146e+01
1.981000000000000000e+03 9.222914615381364811e+00
1.982000000000000000e+03 -2.092714477618808928e+02
1.983000000000000000e+03 1.531711010641537882e+02
1.984000000000000000e+03 9.770418192836376647e+01
1.985000000000000000e+03 -1.678581214180075847e+02
1.986000000000000000e+03 2.743755694105156095e+01
1.987000000000000000e+03 1.046939810700022946e+02
1.988000000000000000e+03 7.049292263312088380e+01
1.989000000000000000e+03 -1.227728642321746975e+02
1.990000000000000000e+03 -7.967516948418658274e+01
1.991000000000000000e+03 -2.575082410523080867e+01
1.992000000000000000e+03 1.023958637852175571e+02
1.993000000000000000e+03 1.278636134915613809e+02
1.994000000000000000e+03 -6.357480734505057285e+01
1.995000000000000000e+03 1.538331493593945787e+01
1.996000000000000000e+03 2.822712373006269715e+01
1.997000000000000000e+03 2.242846157050863098e+00
1.998000000000000000e+03 1.308603669420736253e+02
1.999000000000000000e+03 -1.966151904232264513e+01
2.000000000000000000e+03 6.603643894639692746e+01
2.001000000000000000e+03 -7.966265006248301006e+01
2.002000000000000000e+03 -1.012802488710397171e+02
2.003000000000000000e+03 -3.075990704326687464e+01
2.004000000000000000e+03 6.148532847749005725e+01
2.005000000000000000e+03 8.414451347941225379e+01
2.006000000000000000e+03 -7.861997357440594669e+01
2.007000000000000000e+03 4.104837138655894080e+01
2.008000000000000000e+03 -4.818566708426370582e+01
2.009000000000000000e+03 -1.354712794738182993e+02
2.010000000000000000e+03 1.557189040356343810e+02
2.011000000000000000e+03 -9.868033192290283750e+01
2.012000000000000000e+03 -1.000276540502487244e+01
2.013000000000000000e+03 -2.279351065798296716e+01
2.014000000000000000e+03 2.107108655339624104e+00
2.015000000000000000e+03 5.569492994064772518e+01
2.016000000000000000e+03 2.082613195305123668e+02
2.017000000000000000e+03 1.087565730993916446e+01
2.018000000000000000e+03 -1.406205945064538696e+02
2.019000000000000000e+03 -7.422187021899998172e+01
