1.979000000000000000e+03 3.476138184854628221e+00
1.980000000000000000e+03 -2.657061900601157767e+00
1.981000000000000000e+03 -1.709253758412628388e+00
1.982000000000000000e+03 5.568293005203863721e+00
1.983000000000000000e+03 -7.632300757105380917e+00
1.984000000000000000e+03 -1.801250166464990476e+00
1.985000000000000000e+03 7.407894155276328441e+00
1.986000000000000000e+03 -4.210493473671919951e+00
1.987000000000000000e+03 -1.379805830673295430e+00
1.988000000000000000e+03 -5.127749438670093918e-01
1.989000000000000000e+03 5.676423042739261682e+00
1.990000000000000000e+03 5.063148700459042750e+00
1.991000000000000000e+03 -2.866458943372525159e-01
1.992000000000000000e+03 -1.739746808577647685e-01
1.993000000000000000e+03 -4.033534329021337683e+00
1.994000000000000000e+03 2.382803191724701453e+00
1.995000000000000000e+03 4.149222120630337296e-02
1.996000000000000000e+03 2.077201584004771673e-01
1.997000000000000000e+03 -2.982767622401998886e-01
1.998000000000000000e+03 -5.410129078751322318e+00
1.999000000000000000e+03 1.897921338795747759e-01
2.000000000000000000e+03 -6.591887261450629865e+00
2.001000000000000000e+03 6.571093925086399778e-01
2.002000000000000000e+03 2.502259107076979738e+00
2.003000000000000000e+03 -9.155182520952123149e-01
2.004000000000000000e+03 -1.952790953997657342e+00
2.005000000000000000e+03 -1.879726633775784972e+00
2.006000000000000000e+03 4.555900791909992975e+00
2.007000000000000000e+03 5.758781198931481882e-01
2.008000000000000000e+03 -8.197498802778124816e-01
2.009000000000000000e+03 6.074889599007842200e+00
2.010000000000000000e+03 -2.473443669230948494e+00
2.011000000000000000e+03 2.283573083956947247e+00
2.012000000000000000e+03 -3.568294335049421173e-01
2.013000000000000000e+03 1.521064106391075699e+00
2.014000000000000000e+03 -2.620698557428137732e-01
2.015000000000000000e+03 -5.539214674033362540e-01
2.016000000000000000e+03 -5.605277546032788827e+00
2.017000000000000000e+03 -1.718013903334185910e+00
2.018000000000000000e+03 4.354398614106673726e+00
2.019000000000000000e+03 6.959528242548883581e-01
