1.979000000000000000e+03 7.551854542739846465e-01
1.980000000000000000e+03 -3.653341309477309728e+00
1.981000000000000000e+03 2.099076997515711973e-01
1.982000000000000000e+03 3.170079158186095647e+00
1.983000000000000000e+03 1.469126994414348131e+00
1.984000000000000000e+03 7.122800705172332991e-01
1.985000000000000000e+03 2.667148665074146496e+00
1.986000000000000000e+03 3.421970069330863673e+00
1.987000000000000000e+03 -2.395743184549819826e+00
1.988000000000000000e+03 -1.241778747911558733e+00
1.989000000000000000e+03 1.282960839293423749e+00
1.990000000000000000e+03 8.079535530468273663e-01
1.991000000000000000e+03 -1.060099235715272981e+00
1.992000000000000000e+03 -9.794588770075006723e-01
1.993000000000000000e+03 -5.406866553539787290e+00
1.994000000000000000e+03 -8.029272953194624973e-01
1.995000000000000000e+03 -9.477271981491180997e-01
1.996000000000000000e+03 -5.194139475188379151e+00
1.997000000000000000e+03 -3.805038049067135386e+00
1.998000000000000000e+03 5.792710896991125624e-01
1.999000000000000000e+03 2.613252951451279671e+00
2.000000000000000000e+03 3.357818392763808335e-01
2.001000000000000000e+03 1.481151969720466921e+00
2.002000000000000000e+03 3.996014676553375722e+00
2.003000000000000000e+03 1.370988846346364309e-01
2.004000000000000000e+03 -3.016589871591468075e+00
2.005000000000000000e+03 -4.784565749607366247e-01
2.006000000000000000e+03 1.194837321966400800e+00
2.007000000000000000e+03 -4.648125624636486819e+00
2.008000000000000000e+03 3.876774495560997291e+00
2.009000000000000000e+03 1.262651983875723749e+00
2.010000000000000000e+03 7.586884252836537668e-01
2.011000000000000000e+03 5.075976619311791671e-01
2.012000000000000000e+03 6.925412625426951019e-01
2.013000000000000000e+03 1.795450973610298817e+00
2.014000000000000000e+03 -3.621237316724081445e+00
2.015000000000000000e+03 1.020249625933074222e+00
2.016000000000000000e+03 -4.504760926199113946e+00
2.017000000000000000e+03 -3.628610611028204147e+00
2.018000000000000000e+03 -1.755219909069670292e+00
2.019000000000000000e+03 -3.422110271116816538e+00
