1.979000000000000000e+03 -1.437153372655596284e+00
1.980000000000000000e+03 9.648397330345547251e-01
1.981000000000000000e+03 -2.633809866079115380e+00
1.982000000000000000e+03 5.337686762279479247e+00
1.983000000000000000e+03 -6.545789414719398458e+00
1.984000000000000000e+03 -4.985125235733338656e+00
1.985000000000000000e+03 6.796736725126959477e+00
1.986000000000000000e+03 -2.244329998570203433e+00
1.987000000000000000e+03 -1.809482455820155877e+00
1.988000000000000000e+03 1.741908536261387974e+00
1.989000000000000000e+03 3.056901534293113176e+00
1.990000000000000000e+03 -3.597695364316065847e-01
1.991000000000000000e+03 4.061594662915386067e+00
1.992000000000000000e+03 -5.660477818686184825e-01
1.993000000000000000e+03 -3.302367047458735883e+00
1.994000000000000000e+03 1.449274645384363680e+00
1.995000000000000000e+03 1.051648031549799800e+00
1.996000000000000000e+03 -1.520753294958950182e-02
1.997000000000000000e+03 2.772590711487329607e+00
1.998000000000000000e+03 -3.172992542990030973e+00
1.999000000000000000e+03 9.853817374999622736e-01
2.000000000000000000e+03 -5.754650409535605249e+00
2.001000000000000000e+03 1.373847406335361628e-02
2.002000000000000000e+03 3.033138640830042476e+00
2.003000000000000000e+03 -9.191234042566197582e-01
2.004000000000000000e+03 2.565034336389130143e+00
2.005000000000000000e+03 -3.505166286160702693e+00
2.006000000000000000e+03 3.228973398071457446e+00
2.007000000000000000e+03 1.156219328289862514e+00
2.008000000000000000e+03 1.147293612783261141e+00
2.009000000000000000e+03 5.401510616992833747e+00
2.010000000000000000e+03 -1.248037902697737067e+00
2.011000000000000000e+03 -2.671872146790635671e+00
2.012000000000000000e+03 2.121902961561606293e+00
2.013000000000000000e+03 2.000119680271058797e+00
2.014000000000000000e+03 -2.600543010293184576e+00
2.015000000000000000e+03 7.658663587447245291e-01
2.016000000000000000e+03 -4.537365338820926297e+00
2.017000000000000000e+03 -2.056738691236883465e+00
2.018000000000000000e+03 4.168664401291231059e+00
2.019000000000000000e+03 -3.455452914052210112e+00
