1.979000000000000000e+03 8.389429742364848508e+00
1.980000000000000000e+03 -6.278963534236874366e+00
1.981000000000000000e+03 -7.846976507461443928e-01
1.982000000000000000e+03 5.798899248128248196e+00
1.983000000000000000e+03 -8.718812099491362488e+00
1.984000000000000000e+03 1.382624902803359257e+00
1.985000000000000000e+03 8.019051585425698292e+00
1.986000000000000000e+03 -6.176656948773632472e+00
1.987000000000000000e+03 -9.501292055264333181e-01
1.988000000000000000e+03 -2.767458423995406758e+00
1.989000000000000000e+03 8.295944551185408855e+00
1.990000000000000000e+03 1.048606693734969930e+01
1.991000000000000000e+03 -4.634886451589891543e+00
1.992000000000000000e+03 2.180984201530901112e-01
1.993000000000000000e+03 -4.764701610583936819e+00
1.994000000000000000e+03 3.316331738065039669e+00
1.995000000000000000e+03 -9.686635891371945251e-01
1.996000000000000000e+03 4.306478497505458192e-01
1.997000000000000000e+03 -3.369144235967725720e+00
1.998000000000000000e+03 -7.647265614512615883e+00
1.999000000000000000e+03 -6.057974697408101683e-01
2.000000000000000000e+03 -7.429124113365656257e+00
2.001000000000000000e+03 1.300480310953929353e+00
2.002000000000000000e+03 1.971379573323913892e+00
2.003000000000000000e+03 -9.119130999338049826e-01
2.004000000000000000e+03 -6.470616244384449267e+00
2.005000000000000000e+03 -2.542869813908679166e-01
2.006000000000000000e+03 5.882828185748533834e+00
2.007000000000000000e+03 -4.463088503566927344e-03
2.008000000000000000e+03 -2.786793373338891211e+00
2.009000000000000000e+03 6.748268581022849766e+00
2.010000000000000000e+03 -3.698849435764163474e+00
2.011000000000000000e+03 7.239018314704532386e+00
2.012000000000000000e+03 -2.835561828571493415e+00
2.013000000000000000e+03 1.042008532511095931e+00
2.014000000000000000e+03 2.076403298807559139e+00
2.015000000000000000e+03 -1.873709293551398813e+00
2.016000000000000000e+03 -6.673189753244654021e+00
2.017000000000000000e+03 -1.379289115431486135e+00
2.018000000000000000e+03 4.540132826922115505e+00
2.019000000000000000e+03 4.847358562561991491e+00
