1.979000000000000000e+03 3.206893692286815201e-01
1.980000000000000000e+03 -4.046826912995562964e+00
1.981000000000000000e+03 -1.425674222396304258e-01
1.982000000000000000e+03 2.858614517721944193e+00
1.983000000000000000e+03 1.198672835477247789e+00
1.984000000000000000e+03 4.828363931071836812e-01
1.985000000000000000e+03 2.478715469191147491e+00
1.986000000000000000e+03 3.274547354974915780e+00
1.987000000000000000e+03 -2.502155417378717051e+00
1.988000000000000000e+03 -1.307180499213405511e+00
1.989000000000000000e+03 1.258569569518627640e+00
1.990000000000000000e+03 8.245727647990824805e-01
1.991000000000000000e+03 -1.002469542435967753e+00
1.992000000000000000e+03 -8.808187022011446654e-01
1.993000000000000000e+03 -5.267215897206380504e+00
1.994000000000000000e+03 -6.222661574590049316e-01
1.995000000000000000e+03 -7.260555787616098655e-01
1.996000000000000000e+03 -4.931457374273819916e+00
1.997000000000000000e+03 -3.501345466625525926e+00
1.998000000000000000e+03 9.239741536677730238e-01
1.999000000000000000e+03 2.998966496946990912e+00
2.000000000000000000e+03 7.625058662991428537e-01
2.001000000000000000e+03 1.948886478270279943e+00
2.002000000000000000e+03 4.504759666630239856e+00
2.003000000000000000e+03 6.868543562385507339e-01
2.004000000000000000e+03 -2.425823918460503492e+00
2.005000000000000000e+03 1.533198596972787653e-01
2.006000000000000000e+03 1.867624238151466942e+00
2.007000000000000000e+03 -3.934328226924370675e+00
2.008000000000000000e+03 4.631582374800164992e+00
2.009000000000000000e+03 2.058470344641941896e+00
2.010000000000000000e+03 1.595517267576922471e+00
2.011000000000000000e+03 1.385436985751498984e+00
2.012000000000000000e+03 1.611391067890065143e+00
2.013000000000000000e+03 2.755311260484718971e+00
2.014000000000000000e+03 -2.620366548322610178e+00
2.015000000000000000e+03 2.062130875861596824e+00
2.016000000000000000e+03 -3.421869194743540898e+00
2.017000000000000000e+03 -2.504708398045580431e+00
2.018000000000000000e+03 -5.903072145599959075e-01
2.019000000000000000e+03 -2.216187095080091041e+00
