1.979000000000000000e+03 2.424321912979309879e+00
1.980000000000000000e+03 -3.120316904732626906e+00
1.981000000000000000e+03 -1.187024979688294790e+00
1.982000000000000000e+03 4.665066842709892470e+00
1.983000000000000000e+03 -4.688642892911168758e+00
1.984000000000000000e+03 -1.039887979940929741e+00
1.985000000000000000e+03 5.764834593247934791e+00
1.986000000000000000e+03 -1.715479864122977594e+00
1.987000000000000000e+03 -1.753922359575101453e+00
1.988000000000000000e+03 -7.775767956491421717e-01
1.989000000000000000e+03 4.203805218332383298e+00
1.990000000000000000e+03 3.650290055239053366e+00
1.991000000000000000e+03 -5.252537770368258530e-01
1.992000000000000000e+03 -4.095893546388926776e-01
1.993000000000000000e+03 -4.444761518416350476e+00
1.994000000000000000e+03 1.381113408663466213e+00
1.995000000000000000e+03 -2.143570454496660227e-01
1.996000000000000000e+03 -1.505339019157619918e+00
1.997000000000000000e+03 -1.365966330368640680e+00
1.998000000000000000e+03 -3.298761334611625351e+00
1.999000000000000000e+03 1.126183588235379007e+00
2.000000000000000000e+03 -4.140422885534036368e+00
2.001000000000000000e+03 1.087701754429184708e+00
2.002000000000000000e+03 3.169759293594729410e+00
2.003000000000000000e+03 -3.813940493172944257e-01
2.004000000000000000e+03 -2.110468608818606207e+00
2.005000000000000000e+03 -1.202044469284764272e+00
2.006000000000000000e+03 3.659808607323819185e+00
2.007000000000000000e+03 -9.275239957126900636e-01
2.008000000000000000e+03 9.973608714148477494e-01
2.009000000000000000e+03 4.736083180885875876e+00
2.010000000000000000e+03 -1.117123356961658098e+00
2.011000000000000000e+03 1.984194384555133972e+00
2.012000000000000000e+03 2.992440669600617276e-01
2.013000000000000000e+03 1.932479824422288051e+00
2.014000000000000000e+03 -1.048168753269413278e+00
2.015000000000000000e+03 3.180959803516420492e-01
2.016000000000000000e+03 -4.877474762269705444e+00
2.017000000000000000e+03 -1.980245401571318897e+00
2.018000000000000000e+03 2.706163337884451181e+00
2.019000000000000000e+03 -2.747604821901051819e-01
