1.979000000000000000e+03 1.837753623743650033e+00
1.980000000000000000e+03 -4.193770725267136790e+00
1.981000000000000000e+03 -3.144286846633608690e+00
1.982000000000000000e+03 4.234935653427882585e+00
1.983000000000000000e+03 -8.863982372436364443e+00
1.984000000000000000e+03 -2.931256045350973949e+00
1.985000000000000000e+03 6.379564012835342801e+00
1.986000000000000000e+03 -5.137147879667907979e+00
1.987000000000000000e+03 -2.204784500224282962e+00
1.988000000000000000e+03 -1.236077876972998313e+00
1.989000000000000000e+03 5.054795846078272703e+00
1.990000000000000000e+03 4.543197240243053159e+00
1.991000000000000000e+03 -7.049216181082448296e-01
1.992000000000000000e+03 -4.905746681837583334e-01
1.993000000000000000e+03 -4.248458579902332666e+00
1.994000000000000000e+03 2.269554677288705857e+00
1.995000000000000000e+03 2.991944321530631487e-02
1.996000000000000000e+03 2.978231168544787089e-01
1.997000000000000000e+03 -1.064980673411994733e-01
1.998000000000000000e+03 -5.116674647407323029e+00
1.999000000000000000e+03 5.849223016685727305e-01
2.000000000000000000e+03 -6.095081357216634466e+00
2.001000000000000000e+03 1.255591033187635430e+00
2.002000000000000000e+03 3.202416484200973912e+00
2.003000000000000000e+03 -1.136851385262191011e-01
2.004000000000000000e+03 -1.049282103983665060e+00
2.005000000000000000e+03 -8.745420473167938580e-01
2.006000000000000000e+03 5.662761114813982921e+00
2.007000000000000000e+03 1.784414179242136855e+00
2.008000000000000000e+03 4.904619155161747956e-01
2.009000000000000000e+03 7.486777131246828532e+00
2.010000000000000000e+03 -9.598804005469635525e-01
2.011000000000000000e+03 3.898812089085931465e+00
2.012000000000000000e+03 1.360085308069040266e+00
2.013000000000000000e+03 3.339654584410057137e+00
2.014000000000000000e+03 1.658196358721166108e+00
2.015000000000000000e+03 1.468020483505642293e+00
2.016000000000000000e+03 -3.481659858678810338e+00
2.017000000000000000e+03 5.072795204647909673e-01
2.018000000000000000e+03 6.681367774350650102e+00
2.019000000000000000e+03 3.124597720943862456e+00
