1.979000000000000000e+03 1.476897567253760313e+00
1.980000000000000000e+03 -4.013627586670526881e+00
1.981000000000000000e+03 -2.026221997838546063e+00
1.982000000000000000e+03 3.879983488347289455e+00
1.983000000000000000e+03 -5.419612583486121515e+00
1.984000000000000000e+03 -1.716744006728234240e+00
1.985000000000000000e+03 5.142092230248279883e+00
1.986000000000000000e+03 -2.284108563334983355e+00
1.987000000000000000e+03 -2.268437394999458512e+00
1.988000000000000000e+03 -1.237978167285850528e+00
1.989000000000000000e+03 3.797517510483324976e+00
1.990000000000000000e+03 3.298116011177643969e+00
1.991000000000000000e+03 -8.233141573105871025e-01
1.992000000000000000e+03 -6.535360711250045584e-01
1.993000000000000000e+03 -4.634594571114813100e+00
1.994000000000000000e+03 1.245394019752652071e+00
1.995000000000000000e+03 -2.959627705728312130e-01
1.996000000000000000e+03 -1.532831080493136211e+00
1.997000000000000000e+03 -1.339344727916508049e+00
1.998000000000000000e+03 -3.218026068371843351e+00
1.999000000000000000e+03 1.261032518262809932e+00
2.000000000000000000e+03 -3.951460291718956963e+00
2.001000000000000000e+03 1.330778012031913704e+00
2.002000000000000000e+03 3.466949214985107552e+00
2.003000000000000000e+03 -3.009046413926780641e-02
2.004000000000000000e+03 -1.705051359852930659e+00
2.005000000000000000e+03 -7.425135565314393560e-01
2.006000000000000000e+03 4.173453183864793026e+00
2.007000000000000000e+03 -3.597657553840671874e-01
2.008000000000000000e+03 1.619232775531119328e+00
2.009000000000000000e+03 5.412068748789796047e+00
2.010000000000000000e+03 -3.870241252700881152e-01
2.011000000000000000e+03 2.768407280034352880e+00
2.012000000000000000e+03 1.137570626226929615e+00
2.013000000000000000e+03 2.824920047476805252e+00
2.014000000000000000e+03 -1.016148664272474300e-01
2.015000000000000000e+03 1.318763530981456489e+00
2.016000000000000000e+03 -3.822693547852241913e+00
2.017000000000000000e+03 -8.713505233662064420e-01
2.018000000000000000e+03 3.869171879877212561e+00
2.019000000000000000e+03 9.423617235903054556e-01
