1.979000000000000000e+03 1.594034452972562743e+00
1.980000000000000000e+03 1.842857116070546253e+00
1.981000000000000000e+03 -8.198162167372942122e+00
1.982000000000000000e+03 4.314451823726877855e+00
1.983000000000000000e+03 -3.744871465288141188e+00
1.984000000000000000e+03 1.880079467161756668e+00
1.985000000000000000e+03 -5.073549383925103129e+00
1.986000000000000000e+03 -3.347673321784611744e+00
1.987000000000000000e+03 -1.581749479152048110e+00
1.988000000000000000e+03 4.145308482249662752e-01
1.989000000000000000e+03 7.354346109799745790e+00
1.990000000000000000e+03 2.604348856878415219e+00
1.991000000000000000e+03 2.346311921194408789e+00
1.992000000000000000e+03 -6.145151712042675740e+00
1.993000000000000000e+03 4.675597819455109772e+00
1.994000000000000000e+03 3.241445887232213607e+00
1.995000000000000000e+03 -2.930464037176797820e+00
1.996000000000000000e+03 3.132597267402015717e+00
1.997000000000000000e+03 -3.287769912661603566e+00
1.998000000000000000e+03 -4.606659632961893180e+00
1.999000000000000000e+03 2.957709425070904619e+00
2.000000000000000000e+03 8.421726457762638063e+00
2.001000000000000000e+03 -3.698820177048702806e+00
2.002000000000000000e+03 2.696334806633442938e+00
2.003000000000000000e+03 -5.839165126857717603e+00
2.004000000000000000e+03 -2.493615090773894094e-01
2.005000000000000000e+03 -1.426052887519098089e+00
2.006000000000000000e+03 2.589011634468976641e+00
2.007000000000000000e+03 3.151346325157315942e+00
2.008000000000000000e+03 4.259061388990633468e+00
2.009000000000000000e+03 4.447381742523623949e+00
2.010000000000000000e+03 -5.158398661494834947e+00
2.011000000000000000e+03 -2.144732127097550567e+00
2.012000000000000000e+03 2.356665523364278148e+00
2.013000000000000000e+03 1.220020216322043050e+00
2.014000000000000000e+03 -2.316398328833448872e+00
2.015000000000000000e+03 -1.170513777336373185e+00
2.016000000000000000e+03 -6.907288697744978556e+00
2.017000000000000000e+03 3.020838513097089173e+00
2.018000000000000000e+03 1.451004602467519833e+00
2.019000000000000000e+03 -2.144919800601173598e+00
