1.979000000000000000e+03 -3.292871129851967282e+00
1.980000000000000000e+03 -7.920218617841509046e-01
1.981000000000000000e+03 -4.291815298520154087e+00
1.982000000000000000e+03 3.778537492216106575e+00
1.983000000000000000e+03 -8.006082522405103319e+00
1.984000000000000000e+03 -6.346562181041378814e+00
1.985000000000000000e+03 5.534155942196584910e+00
1.986000000000000000e+03 -3.408054619122910633e+00
1.987000000000000000e+03 -2.874350913995195711e+00
1.988000000000000000e+03 7.758962404640137311e-01
1.989000000000000000e+03 2.189745400873405412e+00
1.990000000000000000e+03 -1.128069507473648203e+00
1.991000000000000000e+03 3.392150854251009928e+00
1.992000000000000000e+03 -1.136635428155327476e+00
1.993000000000000000e+03 -3.774098531367778619e+00
1.994000000000000000e+03 1.076399323852987422e+00
1.995000000000000000e+03 7.776288723960897986e-01
1.996000000000000000e+03 -1.903705297256331197e-01
1.997000000000000000e+03 2.696283877088952341e+00
1.998000000000000000e+03 -3.150443215010741760e+00
1.999000000000000000e+03 1.106787227856917744e+00
2.000000000000000000e+03 -5.534388756800983522e+00
2.001000000000000000e+03 3.328562891756419728e-01
2.002000000000000000e+03 3.451112618319997161e+00
2.003000000000000000e+03 -4.022932643889988169e-01
2.004000000000000000e+03 3.180720638634417341e+00
2.005000000000000000e+03 -2.790623821537748572e+00
2.006000000000000000e+03 4.042372025072078046e+00
2.007000000000000000e+03 2.068474117668148704e+00
2.008000000000000000e+03 2.158404564539214032e+00
2.009000000000000000e+03 6.511477731126451118e+00
2.010000000000000000e+03 -3.921462618645110698e-02
2.011000000000000000e+03 -1.364192707901683566e+00
2.012000000000000000e+03 3.528438562828224434e+00
2.013000000000000000e+03 3.505511443915342973e+00
2.014000000000000000e+03 -9.962950842712338106e-01
2.015000000000000000e+03 2.468970447144342106e+00
2.016000000000000000e+03 -2.735405088043643129e+00
2.017000000000000000e+03 -1.559222780819339016e-01
2.018000000000000000e+03 6.168336976823848516e+00
2.019000000000000000e+03 -1.356924176141927729e+00
