1.979000000000000000e+03 2.848770274227270249e+00
1.980000000000000000e+03 -1.157088895043924648e+00
1.981000000000000000e+03 -3.872223228066067779e+00
1.982000000000000000e+03 5.150345944711533619e+00
1.983000000000000000e+03 -6.336490993166302488e+00
1.984000000000000000e+03 -5.741402885894048014e-01
1.985000000000000000e+03 3.247412975542518954e+00
1.986000000000000000e+03 -3.922886756376148476e+00
1.987000000000000000e+03 -1.447120380166214249e+00
1.988000000000000000e+03 -2.036730131696859181e-01
1.989000000000000000e+03 6.235730731759423939e+00
1.990000000000000000e+03 4.243548752598838014e+00
1.991000000000000000e+03 5.910067108399709168e-01
1.992000000000000000e+03 -2.164367024586069110e+00
1.993000000000000000e+03 -1.130490279529186681e+00
1.994000000000000000e+03 2.669017423560537505e+00
1.995000000000000000e+03 -9.491598649214012529e-01
1.996000000000000000e+03 1.182679194734324701e+00
1.997000000000000000e+03 -1.294774479047333893e+00
1.998000000000000000e+03 -5.142305930154846827e+00
1.999000000000000000e+03 1.112431230943353055e+00
2.000000000000000000e+03 -1.587349355046208110e+00
2.001000000000000000e+03 -7.948671306771376566e-01
2.002000000000000000e+03 2.566951006929133694e+00
2.003000000000000000e+03 -2.556733877016049483e+00
2.004000000000000000e+03 -1.384981139024237695e+00
2.005000000000000000e+03 -1.728502051690224972e+00
2.006000000000000000e+03 3.900271072762989455e+00
2.007000000000000000e+03 1.434367521647869737e+00
2.008000000000000000e+03 8.731872094783357241e-01
2.009000000000000000e+03 5.532386980179771818e+00
2.010000000000000000e+03 -3.368428666652241610e+00
2.011000000000000000e+03 8.074713469387839737e-01
2.012000000000000000e+03 5.476688854514649707e-01
2.013000000000000000e+03 1.420716143034730372e+00
2.014000000000000000e+03 -9.468460134396943229e-01
2.015000000000000000e+03 -7.594522373810118632e-01
2.016000000000000000e+03 -6.039281263270188660e+00
2.017000000000000000e+03 -1.383964311904304356e-01
2.018000000000000000e+03 3.386600610226956132e+00
2.019000000000000000e+03 -2.510047173637978690e-01
