1.979000000000000000e+03 -1.687066152772597749e-01
1.980000000000000000e+03 4.257637378206682865e-02
1.981000000000000000e+03 -3.885396029153440622e-01
1.982000000000000000e+03 4.592674708271434758e-01
1.983000000000000000e+03 -1.357354412451835302e+00
1.984000000000000000e+03 1.133539753843267217e+00
1.985000000000000000e+03 7.485440682196576878e-01
1.986000000000000000e+03 5.846999972222391984e-01
1.987000000000000000e+03 -1.154490412609535888e+00
1.988000000000000000e+03 3.890319327810137229e-01
1.989000000000000000e+03 9.575084814438818981e-01
1.990000000000000000e+03 -9.007040156571354261e-01
1.991000000000000000e+03 -3.762343897749781396e-01
1.992000000000000000e+03 -1.396585249799682682e+00
1.993000000000000000e+03 -6.311754166015342005e-01
1.994000000000000000e+03 1.312027801587603293e-01
1.995000000000000000e+03 -4.706959573735251534e-01
1.996000000000000000e+03 7.658448073696534353e-01
1.997000000000000000e+03 -1.495361126384123496e-01
1.998000000000000000e+03 -1.285408470254447710e+00
1.999000000000000000e+03 1.660038581139629876e+00
2.000000000000000000e+03 1.624103910853978094e+00
2.001000000000000000e+03 1.207628187910357198e+00
2.002000000000000000e+03 -9.084846306008160788e-01
2.003000000000000000e+03 -5.330510437248282551e-01
2.004000000000000000e+03 -1.862619609979092594e-01
2.005000000000000000e+03 -7.175156661930103263e-01
2.006000000000000000e+03 3.943053691998921195e-01
2.007000000000000000e+03 -6.318249763957776155e-01
2.008000000000000000e+03 1.527067565547614691e+00
2.009000000000000000e+03 9.821116146469229813e-01
2.010000000000000000e+03 -9.752028325000573483e-01
2.011000000000000000e+03 1.339515437116263641e+00
2.012000000000000000e+03 1.154099019453375341e+00
2.013000000000000000e+03 2.303480739903980279e-01
2.014000000000000000e+03 -9.365845880429050085e-01
2.015000000000000000e+03 -1.012947559210538362e+00
2.016000000000000000e+03 -7.116472619716835979e-01
2.017000000000000000e+03 5.878602882908287031e-01
2.018000000000000000e+03 6.910600614446281431e-02
2.019000000000000000e+03 -1.095448544950190284e+00
