1.979000000000000000e+03 -1.816791269388741137e+00
1.980000000000000000e+03 4.748474349518598259e-01
1.981000000000000000e+03 1.441961962544828335e+00
1.982000000000000000e+03 8.092224903061102648e-01
1.983000000000000000e+03 -1.057753771931146503e+00
1.984000000000000000e+03 1.204622147078544758e+00
1.985000000000000000e+03 7.514721179821655106e-01
1.986000000000000000e+03 1.442142086795834777e+00
1.987000000000000000e+03 -2.845475467649473678e-01
1.988000000000000000e+03 -5.978244662571052803e-02
1.989000000000000000e+03 9.298358902854446661e-01
1.990000000000000000e+03 2.469304768908546499e-01
1.991000000000000000e+03 -6.963790716286332172e-01
1.992000000000000000e+03 -1.755903275678483144e+00
1.993000000000000000e+03 -1.010300682004816597e+00
1.994000000000000000e+03 -6.547523552292171534e-01
1.995000000000000000e+03 -1.149011143688488223e+00
1.996000000000000000e+03 1.443940806496682550e+00
1.997000000000000000e+03 -9.767281738197586272e-01
1.998000000000000000e+03 -2.655991325526285696e+00
1.999000000000000000e+03 2.232352065611518555e+00
2.000000000000000000e+03 4.035646273305463771e-01
2.001000000000000000e+03 9.890273480235578507e-01
2.002000000000000000e+03 -9.368045320062804437e-01
2.003000000000000000e+03 -1.009872220156758704e+00
2.004000000000000000e+03 -8.243913313734992920e-01
2.005000000000000000e+03 -1.075812079987606973e+00
2.006000000000000000e+03 1.691515938569133903e-01
2.007000000000000000e+03 6.108916668375337089e-01
2.008000000000000000e+03 -1.648520425852910420e-02
2.009000000000000000e+03 1.513900150190158556e+00
2.010000000000000000e+03 -2.601727018594646723e-01
2.011000000000000000e+03 1.757823747071588949e+00
2.012000000000000000e+03 8.969627970425460284e-02
2.013000000000000000e+03 7.394730660841558612e-01
2.014000000000000000e+03 2.814996265760258964e-01
2.015000000000000000e+03 -3.263965913957950216e-01
2.016000000000000000e+03 -1.930799964155954562e+00
2.017000000000000000e+03 1.067318311422192245e+00
2.018000000000000000e+03 9.466249568692943761e-01
2.019000000000000000e+03 -1.047623165429948822e+00
