1.979000000000000000e+03 2.751501224173595883e-01
1.980000000000000000e+03 4.381047876155964027e-01
1.981000000000000000e+03 -4.639729271333535299e-01
1.982000000000000000e+03 4.108253146562152458e-01
1.983000000000000000e+03 -1.380863323692470113e+00
1.984000000000000000e+03 1.549322118348598787e+00
1.985000000000000000e+03 1.515374249454228606e+00
1.986000000000000000e+03 -2.516355796537186329e-01
1.987000000000000000e+03 -1.573359584554121726e+00
1.988000000000000000e+03 -1.119191251595188369e-01
1.989000000000000000e+03 2.048724334262208568e-02
1.990000000000000000e+03 -6.562161590390810373e-01
1.991000000000000000e+03 -5.826706996487070189e-02
1.992000000000000000e+03 -1.229476048757702777e+00
1.993000000000000000e+03 -5.461792439517691999e-01
1.994000000000000000e+03 5.051854461764718751e-01
1.995000000000000000e+03 -1.156949242788175791e+00
1.996000000000000000e+03 1.034282677545970586e+00
1.997000000000000000e+03 -1.010401975463823376e+00
1.998000000000000000e+03 -4.728234321341611146e-01
1.999000000000000000e+03 2.682126633635138813e+00
2.000000000000000000e+03 1.330526233134711189e+00
2.001000000000000000e+03 7.725220845245009960e-01
2.002000000000000000e+03 -1.274807372965744756e+00
2.003000000000000000e+03 -6.218396997991315622e-01
2.004000000000000000e+03 -7.755045177123349731e-01
2.005000000000000000e+03 -5.030869868796654654e-01
2.006000000000000000e+03 5.189753410426848484e-02
2.007000000000000000e+03 -3.648442799262539005e-01
2.008000000000000000e+03 1.003556272017015916e+00
2.009000000000000000e+03 1.989920647921382679e+00
2.010000000000000000e+03 -1.512593586407181834e-01
2.011000000000000000e+03 4.577879848103959537e-01
2.012000000000000000e+03 4.217110494499486939e-01
2.013000000000000000e+03 1.099714079456174387e+00
2.014000000000000000e+03 -8.209572749676168346e-01
2.015000000000000000e+03 -9.750900334511151124e-01
2.016000000000000000e+03 -5.863251672577135531e-01
2.017000000000000000e+03 -1.589807333977092119e-01
2.018000000000000000e+03 -1.631722838706038958e-01
2.019000000000000000e+03 -2.505630574492267448e-01
