1.979000000000000000e+03 -3.906349841245694843e-01
1.980000000000000000e+03 -1.551878331346979445e-01
1.981000000000000000e+03 -3.508229408063393562e-01
1.982000000000000000e+03 4.834885489126074520e-01
1.983000000000000000e+03 -1.345599956831517785e+00
1.984000000000000000e+03 9.256485715906010991e-01
1.985000000000000000e+03 3.651289776023724509e-01
1.986000000000000000e+03 1.002867785660218169e+00
1.987000000000000000e+03 -9.450558266372429683e-01
1.988000000000000000e+03 6.395074617512799264e-01
1.989000000000000000e+03 1.426019100494511749e+00
1.990000000000000000e+03 -1.022947943966162621e+00
1.991000000000000000e+03 -5.352180496800319487e-01
1.992000000000000000e+03 -1.480139850320672412e+00
1.993000000000000000e+03 -6.736735029264167007e-01
1.994000000000000000e+03 -5.578855285009545056e-02
1.995000000000000000e+03 -1.275693146661997790e-01
1.996000000000000000e+03 6.316258722814948046e-01
1.997000000000000000e+03 2.808968187742932887e-01
1.998000000000000000e+03 -1.691700989314590675e+00
1.999000000000000000e+03 1.148994554891875186e+00
2.000000000000000000e+03 1.770892749713611547e+00
2.001000000000000000e+03 1.425181239603285244e+00
2.002000000000000000e+03 -7.253232594183517401e-01
2.003000000000000000e+03 -4.886567156876765461e-01
2.004000000000000000e+03 1.083593173593036529e-01
2.005000000000000000e+03 -8.247300058496829234e-01
2.006000000000000000e+03 5.655092867477039542e-01
2.007000000000000000e+03 -7.653153246305396395e-01
2.008000000000000000e+03 1.788823212312914190e+00
2.009000000000000000e+03 4.782070980096929658e-01
2.010000000000000000e+03 -1.387174569429727056e+00
2.011000000000000000e+03 1.780379163269197873e+00
2.012000000000000000e+03 1.520293004455088637e+00
2.013000000000000000e+03 -2.043349287424900962e-01
2.014000000000000000e+03 -9.943982445805489290e-01
2.015000000000000000e+03 -1.031876322090249820e+00
2.016000000000000000e+03 -7.743083093286686758e-01
2.017000000000000000e+03 9.612807991350976744e-01
2.018000000000000000e+03 1.852451511519961902e-01
2.019000000000000000e+03 -1.517891288700672359e+00
