1.979000000000000000e+03 1.994767471345889123e-02
1.980000000000000000e+03 -8.742675359226524667e-02
1.981000000000000000e+03 -5.575582915448297205e-01
1.982000000000000000e+03 2.116182546683610943e-01
1.983000000000000000e+03 -1.225279670276669286e+00
1.984000000000000000e+03 6.223219037578089363e-01
1.985000000000000000e+03 -1.248237934596403698e-01
1.986000000000000000e+03 1.443289171293062667e+00
1.987000000000000000e+03 -9.244757427504196601e-01
1.988000000000000000e+03 5.636338663437673313e-01
1.989000000000000000e+03 1.400711918627904451e+00
1.990000000000000000e+03 -7.167122089235038462e-01
1.991000000000000000e+03 -5.670758249667570139e-01
1.992000000000000000e+03 -1.306182006264324791e+00
1.993000000000000000e+03 -5.347758627014630450e-01
1.994000000000000000e+03 9.518770963294390652e-01
1.995000000000000000e+03 -1.018403969680297949e-01
1.996000000000000000e+03 -6.453744657624429504e-01
1.997000000000000000e+03 -1.296409930595998850e+00
1.998000000000000000e+03 -1.730547856321027700e+00
1.999000000000000000e+03 2.024298699040663507e+00
2.000000000000000000e+03 1.647520099112361303e+00
2.001000000000000000e+03 1.352819599437246056e+00
2.002000000000000000e+03 -3.220217299020384366e-02
2.003000000000000000e+03 -2.115989217207879802e-01
2.004000000000000000e+03 8.140178814151452502e-02
2.005000000000000000e+03 -3.850100177623516085e-01
2.006000000000000000e+03 3.297845664048142389e-01
2.007000000000000000e+03 -7.361436262279105192e-01
2.008000000000000000e+03 1.447991635164618263e+00
2.009000000000000000e+03 1.521380049904844101e-01
2.010000000000000000e+03 -7.748228964728325341e-01
2.011000000000000000e+03 2.397299646569253539e+00
2.012000000000000000e+03 1.822877766560699220e+00
2.013000000000000000e+03 -8.366393710849587828e-01
2.014000000000000000e+03 -9.170060959897428088e-01
2.015000000000000000e+03 -1.526630285948628041e+00
2.016000000000000000e+03 -7.478969325044156902e-01
2.017000000000000000e+03 7.060167275154612954e-01
2.018000000000000000e+03 -1.725274235744557183e-01
2.019000000000000000e+03 -1.016587870267258387e+00
