1.979000000000000000e+03 -8.660204125459599611e-01
1.980000000000000000e+03 5.482392289415458086e-02
1.981000000000000000e+03 2.467720269773832353e-01
1.982000000000000000e+03 5.920665293771083526e-01
1.983000000000000000e+03 -1.249651228531393876e+00
1.984000000000000000e+03 1.018639763419915578e+00
1.985000000000000000e+03 4.939100243956367486e-01
1.986000000000000000e+03 1.149292552705423631e+00
1.987000000000000000e+03 -7.248864000131445273e-01
1.988000000000000000e+03 4.064108256256164231e-01
1.989000000000000000e+03 1.260624697091489610e+00
1.990000000000000000e+03 -5.996551370138235582e-01
1.991000000000000000e+03 -5.889383903295657419e-01
1.992000000000000000e+03 -1.572060992106609545e+00
1.993000000000000000e+03 -7.858825626192166292e-01
1.994000000000000000e+03 -2.554431536431360228e-01
1.995000000000000000e+03 -4.680499243402959086e-01
1.996000000000000000e+03 9.023975170198906826e-01
1.997000000000000000e+03 -1.383115120903906092e-01
1.998000000000000000e+03 -2.013131101385155830e+00
1.999000000000000000e+03 1.510113725131756457e+00
2.000000000000000000e+03 1.315116708919256583e+00
2.001000000000000000e+03 1.279796609076709668e+00
2.002000000000000000e+03 -7.958170169476613820e-01
2.003000000000000000e+03 -6.623952171773707098e-01
2.004000000000000000e+03 -2.025575655516307083e-01
2.005000000000000000e+03 -9.084240305623242362e-01
2.006000000000000000e+03 4.333900557841069978e-01
2.007000000000000000e+03 -3.065796608078484309e-01
2.008000000000000000e+03 1.187053740122433254e+00
2.009000000000000000e+03 8.234381154031816807e-01
2.010000000000000000e+03 -1.011507280239639650e+00
2.011000000000000000e+03 1.772860691203328010e+00
2.012000000000000000e+03 1.043427429538143825e+00
2.013000000000000000e+03 1.102677361997252831e-01
2.014000000000000000e+03 -5.690989541950240982e-01
2.015000000000000000e+03 -7.967164118587648503e-01
2.016000000000000000e+03 -1.159805527604430786e+00
2.017000000000000000e+03 9.966266365641291980e-01
2.018000000000000000e+03 4.390384197244289188e-01
2.019000000000000000e+03 -1.361135247610431254e+00
