1.979000000000000000e+03 -8.012176429625977869e-01
1.980000000000000000e+03 -2.229489126771307672e-01
1.981000000000000000e+03 -1.440875900678489363e-01
1.982000000000000000e+03 7.553588431568539763e-01
1.983000000000000000e+03 -1.465920243386366284e+00
1.984000000000000000e+03 1.228975239423393484e+00
1.985000000000000000e+03 8.550817486643853549e-01
1.986000000000000000e+03 5.624464000273737829e-01
1.987000000000000000e+03 -9.656359105240662766e-01
1.988000000000000000e+03 7.153810571587926326e-01
1.989000000000000000e+03 1.451326282361118825e+00
1.990000000000000000e+03 -1.329183679008821617e+00
1.991000000000000000e+03 -5.033602743933067725e-01
1.992000000000000000e+03 -1.654097694377020034e+00
1.993000000000000000e+03 -8.125711431513702454e-01
1.994000000000000000e+03 -1.063454202029630036e+00
1.995000000000000000e+03 -1.532982323643697908e-01
1.996000000000000000e+03 1.908626210325432560e+00
1.997000000000000000e+03 1.858203568144585205e+00
1.998000000000000000e+03 -1.652854122308154317e+00
1.999000000000000000e+03 2.736904107430868649e-01
2.000000000000000000e+03 1.894265400314862013e+00
2.001000000000000000e+03 1.497542879769324209e+00
2.002000000000000000e+03 -1.418444345846499699e+00
2.003000000000000000e+03 -7.657145096545651120e-01
2.004000000000000000e+03 1.353168465770927809e-01
2.005000000000000000e+03 -1.264449993937013961e+00
2.006000000000000000e+03 8.012340070905933365e-01
2.007000000000000000e+03 -7.944870230331685379e-01
2.008000000000000000e+03 2.129654789461210118e+00
2.009000000000000000e+03 8.042761910289015770e-01
2.010000000000000000e+03 -1.999526242386621355e+00
2.011000000000000000e+03 1.163458679969141762e+00
2.012000000000000000e+03 1.217708242349477832e+00
2.013000000000000000e+03 4.279695135999787015e-01
2.014000000000000000e+03 -1.071790393171355271e+00
2.015000000000000000e+03 -5.371223582318715994e-01
2.016000000000000000e+03 -8.007196861529215504e-01
2.017000000000000000e+03 1.216544870754733720e+00
2.018000000000000000e+03 5.430177258784480987e-01
2.019000000000000000e+03 -2.019194707134086109e+00
