1.979000000000000000e+03 -1.300752180446055617e-01
1.980000000000000000e+03 2.924087837883487806e-01
1.981000000000000000e+03 -1.551722515108483746e-01
1.982000000000000000e+03 1.403933447527793144e-01
1.983000000000000000e+03 2.667003427141975136e-01
1.984000000000000000e+03 -2.845339229557511396e-02
1.985000000000000000e+03 -4.077446513740540790e-01
1.986000000000000000e+03 1.552836037115615520e-01
1.987000000000000000e+03 2.724770082230093537e-01
1.988000000000000000e+03 2.470067563394487409e-01
1.989000000000000000e+03 -6.599156110686978938e-01
1.990000000000000000e+03 -1.009302064291379454e-02
1.991000000000000000e+03 3.911257862017543663e-01
1.992000000000000000e+03 1.993412144376255357e-01
1.993000000000000000e+03 3.324327875948943634e-01
1.994000000000000000e+03 2.515683278406970480e-01
1.995000000000000000e+03 2.657667696162244186e-01
1.996000000000000000e+03 -6.756674080163101170e-02
1.997000000000000000e+03 -2.933780565099627230e-02
1.998000000000000000e+03 4.028772961341944292e-01
1.999000000000000000e+03 -8.399934855615306395e-01
2.000000000000000000e+03 -7.092437117969364602e-01
2.001000000000000000e+03 -3.457500249251374558e-01
2.002000000000000000e+03 -5.096711800856320446e-02
2.003000000000000000e+03 2.642536689788771431e-01
2.004000000000000000e+03 1.474737961715208434e-01
2.005000000000000000e+03 2.752449489990557718e-01
2.006000000000000000e+03 -2.203004667542017014e-01
2.007000000000000000e+03 -1.062451018033741673e-01
2.008000000000000000e+03 -8.019920840401593143e-01
2.009000000000000000e+03 -4.019099400273768996e-01
2.010000000000000000e+03 3.339610907260595618e-01
2.011000000000000000e+03 -5.634963287474477056e-01
2.012000000000000000e+03 -5.920613213778828099e-01
2.013000000000000000e+03 -2.706279865645331295e-01
2.014000000000000000e+03 1.227461946917467184e-01
2.015000000000000000e+03 6.044506335172545874e-01
2.016000000000000000e+03 7.189288689092427909e-01
2.017000000000000000e+03 2.306228329593424109e-01
2.018000000000000000e+03 1.154699641295584139e-01
2.019000000000000000e+03 3.604122405590716727e-01
