1.979000000000000000e+03 -1.635558470096673545e-01
1.980000000000000000e+03 2.148735345862115009e-01
1.981000000000000000e+03 -2.622524367520604471e-01
1.982000000000000000e+03 3.321526130896618745e-01
1.983000000000000000e+03 2.517130738815638313e-01
1.984000000000000000e+03 -8.466014991286686941e-02
1.985000000000000000e+03 -5.079098130220700558e-01
1.986000000000000000e+03 3.124233587874077900e-01
1.987000000000000000e+03 2.239067495454601375e-01
1.988000000000000000e+03 8.925267352131256715e-02
1.989000000000000000e+03 -3.763866960484216206e-01
1.990000000000000000e+03 -2.009470740793500854e-02
1.991000000000000000e+03 2.587015973197044905e-01
1.992000000000000000e+03 1.570343593140021698e-01
1.993000000000000000e+03 3.509625810221331799e-01
1.994000000000000000e+03 3.482307294652798868e-01
1.995000000000000000e+03 4.138172229712769323e-01
1.996000000000000000e+03 -6.829461177141527006e-02
1.997000000000000000e+03 6.052204081916209150e-02
1.998000000000000000e+03 3.012715585378162864e-01
1.999000000000000000e+03 -7.856720826356625720e-01
2.000000000000000000e+03 -6.152448621462157652e-01
2.001000000000000000e+03 -3.108815569260817702e-01
2.002000000000000000e+03 -1.391572678610354108e-01
2.003000000000000000e+03 2.213008662280476768e-01
2.004000000000000000e+03 3.659028944341521927e-02
2.005000000000000000e+03 2.421366782996304812e-01
2.006000000000000000e+03 -1.974066202937030112e-01
2.007000000000000000e+03 -1.676981786307631672e-01
2.008000000000000000e+03 -6.640983310157260178e-01
2.009000000000000000e+03 -3.857823889784763316e-01
2.010000000000000000e+03 7.081501685456245698e-02
2.011000000000000000e+03 -4.540556435745228270e-01
2.012000000000000000e+03 -6.354562534892943537e-01
2.013000000000000000e+03 -3.259919974645805185e-01
2.014000000000000000e+03 2.658385198536423188e-01
2.015000000000000000e+03 5.707531526577892533e-01
2.016000000000000000e+03 6.600594937292723063e-01
2.017000000000000000e+03 3.091813695499777692e-01
2.018000000000000000e+03 1.227481664907014852e-01
2.019000000000000000e+03 3.503137989724665613e-01
