1.979000000000000000e+03 -2.011732517803841713e-01
1.980000000000000000e+03 3.119771911549634180e-01
1.981000000000000000e+03 -1.300710039269446505e-01
1.982000000000000000e+03 1.212489187239716854e-01
1.983000000000000000e+03 2.269577594007103627e-01
1.984000000000000000e+03 -2.125664672565054369e-02
1.985000000000000000e+03 -2.671239438016596579e-01
1.986000000000000000e+03 2.488441145900338880e-01
1.987000000000000000e+03 2.560907650604068442e-01
1.988000000000000000e+03 3.210080583713424418e-01
1.989000000000000000e+03 -7.187034855836416103e-01
1.990000000000000000e+03 -3.529454608502324842e-02
1.991000000000000000e+03 4.232569241155229589e-01
1.992000000000000000e+03 1.599706573268002141e-01
1.993000000000000000e+03 3.465075042884976919e-01
1.994000000000000000e+03 1.971026092783806638e-01
1.995000000000000000e+03 3.078357012426209405e-01
1.996000000000000000e+03 -9.979374981866161176e-02
1.997000000000000000e+03 -4.698708896619826353e-02
1.998000000000000000e+03 3.579975869855972492e-01
1.999000000000000000e+03 -8.300989309772532909e-01
2.000000000000000000e+03 -6.618293354316855392e-01
2.001000000000000000e+03 -4.402931913509335327e-01
2.002000000000000000e+03 -3.206058346973061218e-02
2.003000000000000000e+03 2.532544016350461447e-01
2.004000000000000000e+03 1.563469828088600022e-01
2.005000000000000000e+03 2.330410958655367293e-01
2.006000000000000000e+03 -2.581343521653570172e-01
2.007000000000000000e+03 -1.656602250366427387e-01
2.008000000000000000e+03 -8.519520384712829797e-01
2.009000000000000000e+03 -4.320125244585413249e-01
2.010000000000000000e+03 3.611892297514325278e-01
2.011000000000000000e+03 -5.465640462409605549e-01
2.012000000000000000e+03 -5.283543973628417323e-01
2.013000000000000000e+03 -2.681764357698896428e-01
2.014000000000000000e+03 7.456110933711658506e-02
2.015000000000000000e+03 7.113987475674437011e-01
2.016000000000000000e+03 7.103902571481528483e-01
2.017000000000000000e+03 2.529981524798811665e-01
2.018000000000000000e+03 1.307064469044466604e-01
2.019000000000000000e+03 3.728555633865182073e-01
