1.979000000000000000e+03 -1.250738564405861064e-01
1.980000000000000000e+03 2.653377214830707764e-01
1.981000000000000000e+03 -2.187937789110797615e-01
1.982000000000000000e+03 3.089775995766734784e-01
1.983000000000000000e+03 1.992311280439028054e-01
1.984000000000000000e+03 -1.307841268589502726e-01
1.985000000000000000e+03 -3.662575254976628281e-01
1.986000000000000000e+03 2.717489573811462944e-01
1.987000000000000000e+03 1.564476160983989395e-01
1.988000000000000000e+03 1.497709697913058580e-01
1.989000000000000000e+03 -4.473045008394600508e-01
1.990000000000000000e+03 7.871286381401909615e-02
1.991000000000000000e+03 2.805499969745472999e-01
1.992000000000000000e+03 1.834433239878443811e-01
1.993000000000000000e+03 3.155146233345377804e-01
1.994000000000000000e+03 2.480681581526389956e-01
1.995000000000000000e+03 3.390155540867737516e-01
1.996000000000000000e+03 -3.185802149659667376e-02
1.997000000000000000e+03 7.039238745730798386e-02
1.998000000000000000e+03 1.886309795591394334e-01
1.999000000000000000e+03 -8.021344543520020354e-01
2.000000000000000000e+03 -5.954528994835164291e-01
2.001000000000000000e+03 -3.299964909729202200e-01
2.002000000000000000e+03 -6.520675848745222103e-02
2.003000000000000000e+03 1.758858168006001699e-01
2.004000000000000000e+03 8.474186314076728732e-02
2.005000000000000000e+03 1.929284011259110032e-01
2.006000000000000000e+03 -1.670250646561127483e-01
2.007000000000000000e+03 -1.823273897440943481e-01
2.008000000000000000e+03 -7.467898860230841596e-01
2.009000000000000000e+03 -3.699625625127714312e-01
2.010000000000000000e+03 1.306128312075257036e-01
2.011000000000000000e+03 -4.752665703958076637e-01
2.012000000000000000e+03 -5.828506242260872439e-01
2.013000000000000000e+03 -2.759949311113221726e-01
2.014000000000000000e+03 1.757920775846383288e-01
2.015000000000000000e+03 6.375550668924223618e-01
2.016000000000000000e+03 6.160361514276810890e-01
2.017000000000000000e+03 2.870811449447800978e-01
2.018000000000000000e+03 1.903079169209022092e-01
2.019000000000000000e+03 3.662962922229712759e-01
