1.979000000000000000e+03 -1.823645493950259433e-01
1.980000000000000000e+03 2.634253628705872652e-01
1.981000000000000000e+03 -1.961617203395036590e-01
1.982000000000000000e+03 2.267007659068162040e-01
1.983000000000000000e+03 2.393354166411372774e-01
1.984000000000000000e+03 -5.295839831925828328e-02
1.985000000000000000e+03 -3.875168784118647181e-01
1.986000000000000000e+03 2.806337366887209916e-01
1.987000000000000000e+03 2.399987573029332966e-01
1.988000000000000000e+03 2.051303659463273033e-01
1.989000000000000000e+03 -5.475450908160310881e-01
1.990000000000000000e+03 -2.769462674647909725e-02
1.991000000000000000e+03 3.409792607176148072e-01
1.992000000000000000e+03 1.585025083204016361e-01
1.993000000000000000e+03 3.487350426553151861e-01
1.994000000000000000e+03 2.726666693718308165e-01
1.995000000000000000e+03 3.608264621069500189e-01
1.996000000000000000e+03 -8.404418079503908623e-02
1.997000000000000000e+03 6.767475926481435200e-03
1.998000000000000000e+03 3.296345727617063792e-01
1.999000000000000000e+03 -8.078855068064583200e-01
2.000000000000000000e+03 -6.385370987889504857e-01
2.001000000000000000e+03 -3.755873741385076237e-01
2.002000000000000000e+03 -8.560892566538284842e-02
2.003000000000000000e+03 2.372776339315467442e-01
2.004000000000000000e+03 9.646863612613791605e-02
2.005000000000000000e+03 2.375888870825837162e-01
2.006000000000000000e+03 -2.277704862295300281e-01
2.007000000000000000e+03 -1.666792018337027170e-01
2.008000000000000000e+03 -7.580251847435045542e-01
2.009000000000000000e+03 -4.088974567185084119e-01
2.010000000000000000e+03 2.160021233029974230e-01
2.011000000000000000e+03 -5.003098449077424403e-01
2.012000000000000000e+03 -5.819053254260676544e-01
2.013000000000000000e+03 -2.970842166172352750e-01
2.014000000000000000e+03 1.701998145953796393e-01
2.015000000000000000e+03 6.410759501126164217e-01
2.016000000000000000e+03 6.852248754387122442e-01
2.017000000000000000e+03 2.810897610149290515e-01
2.018000000000000000e+03 1.267273066975741769e-01
2.019000000000000000e+03 3.615846811794921067e-01
