1.979000000000000000e+03 -2.549655534376544380e-02
1.980000000000000000e+03 3.503756256238725331e-01
1.981000000000000000e+03 -7.319331385353942954e-02
1.982000000000000000e+03 -3.222149755529896131e-02
1.983000000000000000e+03 3.214301948603175973e-01
1.984000000000000000e+03 2.055661975179293166e-02
1.985000000000000000e+03 -4.482001972984327454e-01
1.986000000000000000e+03 -9.541666224275638375e-02
1.987000000000000000e+03 3.374335100631615236e-01
1.988000000000000000e+03 3.307595371256880079e-01
1.989000000000000000e+03 -8.846566515740298398e-01
1.990000000000000000e+03 2.511019156421814488e-02
1.991000000000000000e+03 4.914188371700339286e-01
1.992000000000000000e+03 2.810186266720728909e-01
1.993000000000000000e+03 2.998282774740510526e-01
1.994000000000000000e+03 2.093716447784329804e-01
1.995000000000000000e+03 7.564738463477495289e-02
1.996000000000000000e+03 -3.461186081481260751e-02
1.997000000000000000e+03 -1.015483688059532486e-01
1.998000000000000000e+03 5.493627428791705292e-01
1.999000000000000000e+03 -9.042094430716750564e-01
2.000000000000000000e+03 -8.506569378129060777e-01
2.001000000000000000e+03 -2.860753264983986743e-01
2.002000000000000000e+03 1.831649730507787718e-02
2.003000000000000000e+03 3.182057390735374969e-01
2.004000000000000000e+03 2.494841162622891129e-01
2.005000000000000000e+03 3.505570728320001050e-01
2.006000000000000000e+03 -2.053604278035453534e-01
2.007000000000000000e+03 1.462309825728184791e-02
2.008000000000000000e+03 -8.899258826334670580e-01
2.009000000000000000e+03 -3.879349066451124872e-01
2.010000000000000000e+03 5.698790255721818410e-01
2.011000000000000000e+03 -6.898692964268590133e-01
2.012000000000000000e+03 -6.123733132815114555e-01
2.013000000000000000e+03 -2.177155264591259243e-01
2.014000000000000000e+03 2.783895488447907240e-02
2.015000000000000000e+03 5.312000003265272552e-01
2.016000000000000000e+03 7.863368558503049943e-01
2.017000000000000000e+03 1.296889768481688243e-01
2.018000000000000000e+03 9.295527899352530599e-02
2.019000000000000000e+03 3.580673593182284176e-01
