1.979000000000000000e+03 -1.049247053170689753e-02
1.980000000000000000e+03 2.691624387080370218e-01
1.981000000000000000e+03 -2.640578960542310782e-01
1.982000000000000000e+03 4.735312669163880828e-01
1.983000000000000000e+03 1.190225508494344442e-01
1.984000000000000000e+03 -2.864355839383335711e-01
1.985000000000000000e+03 -3.237388196692613240e-01
1.986000000000000000e+03 2.539793987659972885e-01
1.987000000000000000e+03 -1.065466631066992916e-02
1.988000000000000000e+03 3.905217748126370986e-02
1.989000000000000000e+03 -2.468233208863160888e-01
1.990000000000000000e+03 2.915278449350142687e-01
1.991000000000000000e+03 1.596914694884104535e-01
1.992000000000000000e+03 2.333249553227310091e-01
1.993000000000000000e+03 2.490737846929834132e-01
1.994000000000000000e+03 1.988711357142558811e-01
1.995000000000000000e+03 2.953937380464214391e-01
1.996000000000000000e+03 7.251429710028726994e-02
1.997000000000000000e+03 1.976422105189623024e-01
1.998000000000000000e+03 -9.337620684599445831e-02
1.999000000000000000e+03 -7.906323494430902432e-01
2.000000000000000000e+03 -5.092845008726478717e-01
2.001000000000000000e+03 -2.388147246417470781e-01
2.002000000000000000e+03 -2.440242413159053603e-02
2.003000000000000000e+03 5.310218253870609140e-02
2.004000000000000000e+03 6.128831717002727192e-02
2.005000000000000000e+03 1.036074292125670898e-01
2.006000000000000000e+03 -4.553422150928104761e-02
2.007000000000000000e+03 -2.136237655648747513e-01
2.008000000000000000e+03 -7.243192885822428151e-01
2.009000000000000000e+03 -2.920927741012971368e-01
2.010000000000000000e+03 -4.016575298341915068e-02
2.011000000000000000e+03 -4.251800213719378330e-01
2.012000000000000000e+03 -5.847412218261277550e-01
2.013000000000000000e+03 -2.338163600994963287e-01
2.014000000000000000e+03 1.869766035631555967e-01
2.015000000000000000e+03 6.305133004520340201e-01
2.016000000000000000e+03 4.776587034056176684e-01
2.017000000000000000e+03 2.990639128044828565e-01
2.018000000000000000e+03 3.174691373675599393e-01
2.019000000000000000e+03 3.757195143099290036e-01
