2.789153070455508907e-02
1.302194834746388252e-02
-1.157666911031112432e-02
1.985073509457311106e-02
1.721553230202390802e-02
-1.457951125475469886e-04
-2.394248987933542475e-02
4.877081112410515396e-02
-1.202336475559799556e-02
3.020617836162800551e-02
6.195664969338446348e-03
-6.137124342855316932e-03
1.593519399803747238e-02
-1.191367077207378979e-02
3.291109096961027276e-03
-6.810934047671936969e-03
2.378614320188467482e-02
-2.925517313578412243e-02
2.127374631829180573e-03
3.130265281680878059e-02
3.927168326176841417e-02
-1.478059077749775338e-02
-3.295776449909101555e-03
-1.824349449639428578e-02
1.329827269108878633e-03
9.752668712382887850e-03
-2.908726230497961363e-03
-4.088940615321564470e-02
1.613460414969149562e-02
-1.371714484981105021e-02
