3.292484864700323532e-02
3.716162211736419915e-03
8.296522052788457557e-02
1.460328966671125194e-03
8.463361544135045156e-02
3.981578086518391263e-02
1.280724228018713939e-01
6.260250665849778628e-02
-6.147636521533229176e-02
8.245439771570778342e-02
1.460290941272298637e-01
-3.405226477827385384e-02
4.739695815224306830e-02
-2.862404163236007687e-02
1.018651056984320319e-02
-1.783738920291889907e-02
2.328453962589284096e-02
6.040486067013883104e-02
1.046124914963955654e-01
1.062973984423451618e-01
3.646191958183630372e-02
5.775233853207831919e-02
5.169715936759263636e-02
9.958960961433260470e-03
9.679427952888662590e-02
1.133232052627902997e-01
1.149746639424313877e-01
1.898167028801856504e-01
2.784341877179873775e-02
1.332923229878724136e-01
