-3.091022235486348343e-02
9.573779852322776562e-02
-3.302515964351802197e-02
-3.616270321044581099e-02
1.412358844465471698e-02
-3.371974915878300089e-02
9.272074855933150686e-03
3.443695265025310120e-02
-5.996117116969760727e-03
5.648169664221195166e-03
-4.923569992136370144e-02
-3.181736217877139533e-02
3.872369147498794066e-03
-3.309301830979889669e-02
6.735236571513641968e-02
-2.333982826843488539e-02
1.285153329350360689e-02
-6.945581235197070304e-03
5.488881490239257838e-02
2.722176858752266629e-02
6.490899324622871613e-02
4.929276628822328032e-02
-6.688779309870232503e-02
-1.761466867589703625e-02
5.502753336211424137e-03
-2.268305373320534529e-02
1.780054479403390998e-03
5.215020832922241494e-03
-5.037563532294304924e-02
1.491930427863523770e-02
