4.362391892911564317e-02
6.001574665127612507e-02
5.179506504179536702e-02
7.295611235582653842e-02
4.511805569942081012e-02
6.335274207669189250e-02
4.849774646032906089e-02
3.821730623269383592e-02
5.156023589895571135e-02
6.442492077916039950e-02
5.221961145875209098e-02
6.343482855427082234e-02
5.473092251494101473e-02
6.183515706797056838e-02
5.285374572000250959e-02
5.847534406518414135e-02
4.284895632934158233e-02
5.892008635406160988e-02
5.470556758917108353e-02
5.616154800259921809e-02
7.194138322388149431e-02
3.794860271145444192e-02
5.530602642171655869e-02
4.872877491777180547e-02
5.244414241859227110e-02
5.896754171959796981e-02
6.147001190896814182e-02
7.073152673535709756e-02
6.335416108963827508e-02
7.315821283135315323e-02
