8.887790400669523527e-02
1.209137585895352501e-01
-5.141676873219865052e-02
8.221801398893302526e-02
4.505185173553064026e-02
4.430907320825445972e-02
-1.309116955938429902e-02
2.631263343340534133e-02
1.171919927252630944e-01
6.236402318130996464e-02
7.483735061435227431e-02
1.750806048498639300e-01
7.234936401949756957e-02
9.731765209302239983e-02
1.511376414382023005e-02
1.453891451538802948e-01
7.582432499001401371e-02
1.774496542170307320e-02
6.793588503184594396e-02
3.992539954628149951e-02
8.784336048282383180e-02
1.871082836060354235e-02
4.589520382869904241e-02
1.143116364236228810e-01
1.472444616120903715e-01
9.034260130414636936e-02
1.001082300851158513e-01
-1.990032513111635384e-02
2.839660856725280402e-02
3.106852974826903452e-02
4.702809361419081624e-02
5.622912795308594724e-02
3.308104398522469791e-02
3.349463226212489719e-04
8.329800900704092959e-02
-8.088475686580016283e-03
1.411169860097931106e-01
5.332426992861801635e-02
2.882206834073977250e-02
-2.545953171545118493e-02
