3.274657881765478951e-02
1.481976606244116840e-02
-2.284884092017998650e-02
1.569971614285381456e-02
1.003208294623518342e-02
1.678893806605321476e-02
2.117507051228518719e-02
5.625964457247590450e-02
-2.332547785983417332e-02
3.436113346549501957e-02
2.433706416686982985e-03
-2.866712371787350899e-03
-4.166653198034761529e-02
-1.606212820448178411e-02
-3.764946100430054815e-03
-2.858258146631575611e-02
6.689899510534605062e-03
-1.809809502390142622e-03
-4.212456277354997315e-03
2.060304921591062446e-02
8.886656477562152739e-03
-5.712277286928930248e-03
2.185783100988283184e-02
7.968515087961407922e-03
2.163007230070249434e-02
3.343619891731813148e-02
2.745394262957115764e-02
1.420697837666418497e-03
1.683842671271223079e-04
-1.537301061817765999e-03
