5.734628584345646818e-02
9.430359854799946762e-02
5.387465668924225348e-02
6.870070617088068488e-02
8.003165090376723745e-02
3.944556265924265004e-02
5.409503238372455336e-02
7.780496388409235964e-02
5.370110875739771833e-02
5.117716190022474076e-02
3.587731438234342818e-02
6.826906231898113853e-02
3.419442780527956471e-02
4.801847704631030667e-02
4.118752668548967405e-02
1.427827347325671958e-01
9.358254540726991533e-02
2.739178222871753443e-02
5.209772027818753565e-02
6.537433121739801012e-02
