-4.110964980132274932e-02
4.241620609580731838e-02
1.652487089764907713e-02
2.967007516456585461e-02
2.075764512481502802e-02
-4.006970114894713164e-02
-8.504547989454221135e-03
-6.139684075313546485e-03
7.209304489225469570e-02
-2.302101392395698026e-02
-4.253457576792653988e-02
-2.185937094526113275e-03
1.507862804629923371e-02
8.675828187330048014e-02
-3.345553078729936181e-02
-1.347905010415470159e-02
2.668731367947992789e-02
3.202154591545088719e-02
-1.981346158680135847e-02
6.841308895726207207e-02
4.011975771662253110e-02
4.110488800427081202e-02
5.705518851553899318e-02
-4.471471230112233214e-02
-3.027969949914501371e-02
3.516729773286569015e-03
6.641431452207953445e-02
-2.140453012129046179e-02
4.556434394158373480e-02
7.552770684654573630e-02
