3.793119028567477069e-01
8.356170673802263416e-01
-2.006282134807651218e-01
-6.833391321964673581e-01
7.966342198565172783e-01
-2.247624037500866867e-01
1.679508010524660921e+00
-6.799133437800882751e-01
-1.461666544194115236e+00
5.371502716766957120e-01
2.428357201861399139e-01
6.861833304713214066e-01
2.999743194214235520e-01
4.426781428591330947e-01
5.186096443532923761e-01
4.195206413637856402e-01
7.219911114565933374e-01
2.974376814509578915e-01
-6.879964231035343714e-01
2.882380720488455950e+00
-1.009193488692185919e-01
-9.944357185889540762e-02
-1.410497097264908906e+00
9.595105978736498953e-01
-4.445340328327022639e-01
-9.968169952451789717e-01
-3.052211683484540305e-01
-3.902986225792691166e-01
-1.100603697315283291e+00
-1.128592598025155658e+00
