6.506529419008225124e-02
7.945235269114014898e-02
5.172998013779769172e-02
6.146556455524289364e-02
7.625310723643184685e-02
5.517203808028447315e-02
5.831790885773569660e-02
7.063549434684927852e-02
4.371925492566147015e-02
6.402850259954225021e-02
6.723941309466965888e-02
6.707025535460171828e-02
5.679970622000336811e-02
6.877344866031988302e-02
4.413425814354760696e-02
1.007937851949121111e-01
9.084538658237056863e-02
4.246793896594910217e-02
6.678491319784939095e-02
7.966664919703198011e-02
