4.960514426365644075e-02
4.197314651671609637e-02
3.979363661901947485e-02
6.816484569316723363e-02
2.921401062183961311e-02
5.463843640929114814e-02
4.197282515370687889e-02
5.575965180754012540e-02
3.235587370142308655e-02
8.255207599220693027e-02
5.566552218203763003e-02
4.106074549463081813e-02
3.680817900654920205e-02
4.491466804194320372e-02
2.855367097642161692e-02
4.693732231699583590e-02
4.098183293030872171e-02
8.484782642526356167e-02
5.793695925210376463e-02
4.510259452343234887e-02
6.529768477938682758e-02
2.171940555722302532e-02
2.863614657422264287e-02
3.215824666844966512e-02
6.745119245277397813e-02
2.556261272387695682e-02
7.543432154134144252e-02
7.747362694501454261e-02
6.198196128695394186e-02
9.412301461768851629e-02
