4.658706229941186189e-02
7.662909376560800290e-02
-3.771256978356998107e-02
1.711668426833380940e-01
-1.677564750262410809e-01
4.785524759316905213e-02
-1.056868395795971666e-01
-9.027957126861525794e-02
6.454982736238869256e-02
-5.749237128230589439e-02
-3.081484720828967308e-02
9.080637070376214315e-02
2.315110462796148572e-01
8.825144459160541577e-02
6.084689795383373123e-02
-3.047013322349792150e-02
1.944139620131895771e-02
3.005481315099368944e-02
-3.807919225363438909e-02
-1.227089840162991774e-01
3.437395083996120509e-02
1.091934269507651989e-01
6.502543057037354912e-02
3.912019976190484610e-02
1.837156927434653031e-01
9.983042241808376405e-02
2.864471632695593864e-02
1.356306262358663445e-02
1.218922226600002573e-01
2.168490671630348907e-02
1.702582175765731121e-01
-1.858865369118268412e-02
1.784443276017039226e-01
-1.272640285526735991e-02
1.479040527077263301e-01
-2.420511798489157970e-02
1.267224351938532612e-01
9.041610680467941641e-02
-2.229149369069393510e-02
-9.635057617698923951e-03
