-1.170158186363646768e-01
-7.009906807771577597e-01
6.424185793045914528e-01
-9.069458670183248028e-01
-1.155607567357859189e+00
-6.697918053721405029e-02
2.769626326846214015e-01
8.346325050263441181e-01
-5.553961736990471465e-01
1.373910465399960312e+00
5.084289008882321159e-01
-8.984819106810454370e-02
1.950151437631791329e-01
6.368348599847613034e-01
2.651788393704389568e-01
-2.430987875733789383e-01
1.043378789984847455e+00
-5.654611398014007806e-01
4.160180168418285973e-01
6.005722696095614488e-01
-7.343330167621349158e-01
1.095784154303251379e+00
5.146310736232597716e-01
-1.699192232836312488e+00
1.371036360175142743e+00
1.025001145200077346e-02
-1.768845789015236480e-01
-1.441151095046853570e+00
1.634378242177349394e+00
-4.636876749348708415e-01
