6.383461393258855754e-01
3.778591318493443318e-01
1.036267778519005978e+00
-5.387805952728934589e-01
-3.638409508752256105e-01
4.113663609984645197e-01
3.981388272447213272e-01
-5.365115674444274063e-01
6.573818655708477676e-01
1.632614924744876461e+00
1.670360999448660122e+00
-1.743880580359670196e-01
-9.235364232773449755e-01
-1.556385924548497890e+00
-1.127499297101483833e-01
-5.501989387910153351e-01
1.197613014130308740e+00
6.312382495421696715e-01
6.972799984274272722e-01
4.472828731562203397e-01
-1.209234663636134410e+00
-1.021141378635963326e+00
1.194750577126986624e+00
-1.638447677672274727e+00
8.003626639949978916e-02
-6.636119313974786493e-01
8.882526063572984132e-01
-6.754417244561636835e-01
1.765489390828004268e+00
-7.517354764543556778e-01
