-1.943330059314955088e-02
-1.197380431828670294e-01
8.707876463548264168e-02
-1.450366378671861523e-01
-1.944819796086718830e-02
1.969021526957617230e-01
-1.879447574600894288e-01
9.072799403792716766e-02
3.994340091300648266e-01
3.043045463636103176e-01
-2.472270429177026441e-01
-2.793069686445915356e-01
1.364492099760341304e-01
7.553232616960008083e-02
1.347040384006418234e-01
5.128234829339352319e-02
1.386875530159914216e-01
-7.811413145705657646e-02
-6.734898862096141969e-02
-7.530881560369924455e-02
-3.947028225469892959e-01
2.530189138446712893e-01
-2.278980808274377878e-01
5.352682020358810050e-02
-8.239183554653278785e-02
-1.282757191867743840e-01
-1.533707926848117409e-01
-1.968300139340361243e-01
-3.390254829340654252e-01
-2.709273885127084711e-02
