2.850917808129544914e-02
9.407906366913627860e-02
9.764594321719052145e-03
1.081221815876050457e-01
-5.155478048699828342e-02
5.501645040159205968e-02
-8.733229506460313263e-03
-4.766916121495552716e-02
-2.891430872735106794e-03
4.999776573026772780e-02
-9.893379161291562460e-03
5.723104700565771058e-02
1.264654756423669035e-01
1.036794764689781545e-01
3.963778126359052828e-02
2.002614493199111542e-02
-2.297053668388969808e-02
-1.964991668466738368e-04
-4.880182176578681807e-02
-6.791077056878334905e-02
3.528099102059440578e-02
4.531651206643041996e-02
5.108663788612254758e-02
1.106033171936334908e-01
1.149916312515287115e-01
6.876233012570499847e-02
3.715377502113533653e-02
-1.141275166479225472e-02
9.848415634425849996e-02
-3.891315655142813662e-02
1.414205579485600939e-01
1.410875147922037616e-02
5.417518207092213156e-02
2.280726911375076729e-02
1.508156143396416626e-01
5.665170827079316074e-02
9.576534033489222941e-02
6.837279843318168349e-02
2.354655653296173004e-02
1.118108970299392518e-01
