3.363018595800776334e-02
4.685404927357090382e-02
3.150460493791797101e-02
6.949447834917329980e-02
3.391236916683264963e-02
5.090988779467283537e-02
3.512118622078089919e-02
5.497691805785154956e-02
5.509899850827540413e-02
8.423568646473411636e-02
4.430812006039593770e-02
6.258239334498226503e-02
3.378377470912909131e-02
7.253341137266142158e-02
2.848346308303513139e-02
5.677335167290628593e-02
2.777574215718878192e-02
8.557796079707770398e-02
4.802652093144488959e-02
2.563138313319154524e-02
5.923648325130817516e-02
-2.808284935916334751e-03
2.578376927979327340e-02
1.976438022784839099e-02
7.435111396497162684e-02
1.884303988871279326e-02
7.381982096362733892e-02
6.741381023318393506e-02
7.114243563632524636e-02
8.721448612389028077e-02
