4.183158598093403291e-02
-1.723182860256970012e-02
9.761506702398572988e-03
4.300113019015404381e-02
7.957002699658910494e-02
-5.810586976440924867e-02
-9.056017883213474118e-02
1.103995347114812044e-02
4.740502810905004166e-02
1.932952644676369167e-02
-8.016699179426925101e-03
-6.112145098344892724e-02
1.924724271301198053e-02
1.303633514751250111e-01
-2.129862689159705072e-02
-3.199455598155085539e-02
-3.155368407537943037e-02
5.609381454206553014e-02
-1.166160985225695168e-01
3.968982846194182845e-02
8.317547685814374869e-02
3.166150005966009845e-02
-1.216859853658896345e-02
1.978948887951557239e-03
-1.072443463500865907e-03
1.616842334732764702e-02
5.045120628440408206e-02
-1.771401584157345638e-02
7.609628200477461246e-02
6.656085033329608991e-02
