2.247118188537130246e-01
2.504598690570199460e-01
9.981430568969609785e-02
-8.591691826441789914e-02
2.811578738263590393e-01
1.017942417106875164e-01
2.529460347467533121e-01
-1.003127564933234406e-01
-5.212726820751707735e-02
2.723959013216788461e-01
-1.081754121586075501e-03
1.299317576512096506e-01
-8.680629782986807805e-03
7.168675182806076573e-02
-1.065700912775875558e-01
1.204909687507492444e-01
-5.660310296305542943e-02
2.574161527431290467e-02
1.347054328596276052e-01
1.608481821974806492e-01
3.820518515222304928e-02
-1.529967193585102803e-01
1.089879442984222208e-01
4.104150831314915537e-01
-1.269020625389748747e-01
-1.307447650757019575e-02
-2.018152589959015253e-01
-3.037772478945945792e-02
1.476272157004720753e-01
1.007163218049764858e-01
1.491846740386612406e-02
-1.478172199540900809e-02
-2.226317138329173551e-01
1.091330361534314092e-01
5.234145910337465596e-02
5.450227853190847682e-01
1.084677928564637128e-01
3.195938588243728562e-01
2.261122657173081085e-01
6.780622160287002043e-01
