2.677692708666796345e-02
-8.394536223712503742e-02
1.142229290972509859e-01
-8.923629747346571717e-02
5.609904132835811554e-03
3.896823062154971401e-02
-4.120783389119889173e-02
-3.480522964746902287e-02
-1.024258592799696596e-02
7.040024754743233470e-02
1.662119784168310799e-01
-1.326314785171337218e-01
1.512290653220165482e-01
-1.975082728942264415e-02
-1.647441736972131421e-01
6.099458672455297659e-02
9.597968218009844676e-02
-7.444723249925791096e-05
-3.949085251785231648e-02
-9.055319781173090665e-02
7.592690303084617112e-04
5.434894319230599430e-03
1.062620734520283022e-01
-1.356109519475416983e-02
-1.144979704600333076e-02
8.178783733622549401e-02
-3.193733021690323831e-02
-1.037495186379269602e-01
1.090576170806596551e-01
-5.755843287181280216e-02
