3.542096660076432535e-02
-7.086922727182985542e-03
2.538974471705580938e-02
2.799590348707792567e-02
1.538823812936104471e-02
2.241090587740290560e-02
1.539208910883388751e-02
7.150516031832514219e-02
7.743722045708215096e-02
-4.113067256720642773e-03
3.079432640665660803e-02
2.490489234305841293e-02
-6.922734737123631063e-03
6.798163419000323449e-03
6.298135651493838583e-02
3.473543640465608789e-02
2.722702616784889590e-02
7.432699619398430713e-02
7.317955350343670340e-02
8.948154737236731562e-03
2.508353164840915542e-02
2.794794968573880226e-02
6.541902669962562644e-02
-1.259276885319354430e-02
-1.588021507272228570e-03
9.554208263737014317e-02
4.789033259843136076e-02
1.854829838036362033e-02
5.253630679085648930e-02
4.148312012728587635e-03
4.192140267404113885e-02
1.397158986918005212e-02
7.577479536220950440e-02
2.355817217167324035e-02
1.787838370316606820e-02
4.824418919787707566e-02
5.811823810735011059e-02
6.118674401011503505e-02
2.614556187300139806e-02
1.829236716479954936e-02
