-9.560961457393288287e-02
9.694454585659864621e-02
1.069728721003258970e-01
2.093907387346506943e-01
2.980538598244991330e-02
-6.637494682139614618e-04
-8.248322222399297188e-02
1.495632564795615627e-01
1.753295323665817751e-01
-1.141475825644072337e-02
-4.441820020021444021e-02
2.075216595622526167e-02
9.725850225638790758e-02
-5.926379023823332565e-02
1.276055022369597669e-01
1.412947057815038820e-01
1.696021263062742063e-02
1.487681104735122939e-01
8.953450150938627172e-02
1.415693233714119259e-01
