6.516252354244247980e-02
4.521215624885181056e-02
3.692076487513890060e-01
1.822901830248238875e-01
1.242002595354168293e-01
1.528744209906796880e-01
-1.930372500743191000e-02
1.738181504783445352e-01
1.421506458298463227e-01
2.739967807417187373e-01
-3.120899942985631143e-02
-5.458913351366619787e-02
-1.757721946605462493e-01
4.031760229781886778e-02
1.003885681668736513e-01
-1.606535232833311011e-01
1.421497853360766395e-01
1.447876445004192547e-02
-3.687077152411297187e-01
3.178559363522363013e-01
9.117477556870305644e-02
1.514718347231129025e-01
9.055518724584692147e-02
2.318894374144288284e-01
-1.793284944393238045e-01
6.851449643953609614e-02
6.603813321759791598e-03
2.388960665125274829e-01
1.256968692505151253e-01
9.867395150320744379e-02
6.647518717429884427e-02
1.473951325667020029e-01
-1.386679337737578288e-01
1.986583333886643987e-01
2.957719614808604902e-01
2.886045213753321570e-01
1.984060224208335499e-01
1.228695083835917856e-02
1.000888908341132644e-01
3.447990486958884548e-01
