2.375960452583197879e-02
5.159774269768528654e-02
1.328063801443808700e-02
1.573084272908492967e-02
2.393611492865610479e-02
1.573070660215040995e-02
9.785902305256574674e-02
2.233092587061942177e-02
5.507023204237155439e-02
2.970791791659179934e-02
2.147410813584326936e-02
1.613227815945170174e-02
1.496107167885027574e-02
6.213948619005026097e-02
3.008119827542487731e-02
3.806983150187534526e-02
4.966614690196924364e-02
6.082810595602707732e-02
2.443671594671403824e-02
6.962055459612349895e-02
3.309675109952942007e-02
3.070520731522430324e-02
7.341353222424538971e-02
3.630380399126473256e-02
4.045896136700272844e-02
5.053853876773857501e-02
2.877685736736810412e-02
4.050046264950598468e-02
5.336538605552695186e-02
8.744126414820350968e-02
