4.203643125185752699e-02
2.791108040147590591e-02
2.484389172372208562e-02
1.045197516321460934e-01
1.649747680869076763e-02
5.579621572250609979e-02
4.281666056885628097e-02
3.307731738046290615e-02
3.427135432629597328e-02
5.595817393981956239e-02
5.817540334229608784e-02
2.546711306968168359e-02
3.908836552972142636e-02
6.403808633473236089e-02
1.479409182737768426e-02
4.597735096918709186e-02
1.841635368437904985e-02
5.256485702366670704e-02
5.336618409574876015e-02
3.678911619560221169e-02
2.623558811311274899e-02
1.942114372220965501e-02
3.618242950635191385e-02
1.788184792148643856e-02
4.871273692516098902e-02
3.246072721423979429e-02
4.293303086553686143e-02
5.777473795752573887e-02
2.315751593935663072e-02
7.419774795670959489e-02
