5.759814773947907057e-02
2.211202504538649707e-02
1.400587936754957123e-02
8.385135908256841422e-03
-2.324082990875565077e-03
1.495442478869740341e-02
4.469484107304433351e-02
4.859533878710893540e-02
4.867633082128451638e-02
3.104623974426963182e-02
2.643178445738590329e-02
4.231723797145471588e-02
5.291939109264002378e-02
-6.340217304685022426e-03
5.832360417093912508e-02
2.276085451827179057e-02
3.756188444236000651e-02
-2.653746513845966441e-03
6.836045409576960163e-02
7.536911723719049404e-03
2.274738788317398619e-02
1.196551239915703314e-02
8.659464591945562062e-02
1.524488770379951903e-02
5.072065358498249743e-02
5.651685884692743411e-02
3.972915711996489324e-02
2.625011174760811389e-02
4.734539026827387642e-02
-2.233795196206582890e-03
1.490422557803063389e-02
3.637102160978887555e-02
5.004181674451097656e-02
3.535621130305294235e-02
1.967337080149830775e-02
3.201271970654865490e-02
4.289351362085384173e-02
4.807727432145737778e-02
3.668201591313181853e-02
3.268571860779985461e-02
