6.853455878403746926e-02
2.513178875841192150e-01
2.488121060964909037e-01
2.720809420532693257e-01
-2.206203787824530249e-01
-5.103293254502303533e-01
-1.145889117780777566e-01
2.621472535478560628e-01
3.900645537310700739e-01
1.418626265997660341e-01
-6.528409498194025495e-01
-2.693042550925474621e-01
2.916462224836455785e-01
-5.066966838656329283e-03
1.146467557029612339e-01
-8.352509883431594173e-02
-3.664196475531791286e-01
1.283569130105964018e-01
4.207138195358068322e-01
4.403886512386249730e-01
