9.515467574951579077e-02
-1.643461756661080964e-01
8.691832205314656279e-02
-1.177066201569068604e-02
8.306553853402861565e-01
5.743536158663546942e-01
-7.451232939131590127e-01
-1.701071314003168855e-01
-5.162031863065672521e-01
4.324598030029634943e-01
1.323412255948941407e-02
-1.190054943838569773e-01
-2.566649547528720987e-02
1.937699808078107711e-01
6.988155888595185550e-01
-1.143062883847072303e-01
5.263822729996194827e-01
4.364939295726490975e-01
-2.528497155436713051e-01
-3.937385968918332146e-01
1.820144565191269548e-01
3.546307962046830742e-01
2.571078338667868723e-01
7.658233949203637758e-01
-7.319854388986014593e-01
-1.683617124011871358e-02
4.373917598237553883e-01
4.034899652996208341e-01
-6.690479997884141161e-01
1.653969325296857362e-01
-4.433533429367390588e-01
-1.540384863737800092e-01
3.061496497390726046e-01
-5.458581313819792918e-02
-2.331059756541060957e-01
2.197287980200572921e-01
3.005711831811331836e-01
4.447064315008523172e-01
-1.909060579260900559e-01
3.898661124624244745e-02
