9.056674354553843898e-02
3.226709861838925053e-02
2.047246771645674368e-01
1.398528114601435279e-01
7.298567993516494323e-02
1.615541772138177345e-01
1.616459600628835369e-01
4.318677031016860540e-02
1.504714944126068002e-02
1.274861552298606482e-01
5.092145196251490064e-02
-9.015283865018795806e-02
-4.470276298853684965e-02
8.372181443964368808e-02
1.929779864361883535e-01
-7.005117447157789556e-02
3.938352555029165508e-02
6.842103133812924010e-02
2.786180659549017044e-02
2.279950931266196690e-01
2.018457649109174981e-02
1.207165434811250243e-01
-1.451588670259238052e-02
8.724447182352713936e-02
7.188140947006017856e-02
3.349109710347031310e-02
1.157998855131222998e-01
2.479166520656708173e-01
1.528264454504439096e-01
1.214938641067555974e-01
7.371002861850314836e-02
1.308189988901869993e-01
6.118559198567517440e-03
1.771559055934737170e-01
5.484052915928477878e-02
1.286488179300850909e-01
-9.075495464008685688e-04
4.683276125275649682e-02
1.043283956967168968e-01
2.597317604856284046e-01
