1.723201075112177350e-01
2.749583539494617757e-01
-2.483681324210126606e-01
9.523442183592305266e-02
2.164900999979942064e-02
8.916524747476994861e-02
-9.212239603293736687e-03
-8.235670574628944918e-02
9.693987963857023105e-02
7.673119622795863959e-02
-4.174212217861173607e-02
1.886582367619096534e-01
1.844901658349702989e-01
1.405885957164950129e-01
4.394503045844145445e-03
1.219172530928285397e-01
6.042991997253664010e-02
2.682255926799817156e-02
9.999065156463833592e-02
-1.214824578706147004e-02
1.357820990490549995e-01
6.611871157632672608e-03
1.728554842285598414e-01
1.855196362145137834e-01
2.661488995644240574e-01
1.047162450939495004e-01
1.127936792674379685e-01
-1.022291442032539355e-01
5.927176151425336825e-02
-4.867379856088065171e-02
2.202153434256318848e-02
-4.369441796809459683e-02
1.249747634497004461e-01
-5.222681757597711499e-02
1.039006758326073421e-01
-8.064362913873435179e-02
1.350024584423580309e-01
8.149703918193071384e-02
-1.823110124069001955e-02
-3.762659297788772256e-02
