8.180582938934635728e-02
7.020832455650746762e-02
1.978934759103426894e-02
9.092720674643353651e-02
7.031142101039529468e-02
5.623333684221756140e-02
1.864303472830834696e-02
1.752895529616407128e-02
9.039196917605286929e-02
6.359304316882367913e-02
9.238779706028592276e-02
9.215274220546459949e-02
2.896798857511243691e-02
1.014115693898138271e-01
3.178024915735571526e-02
7.875616965486031962e-02
4.469503467516199036e-02
3.325910501123199164e-02
4.607599764294410816e-02
6.583050741216135704e-02
6.834727860815385803e-02
3.631956009225296295e-02
4.096622088903959652e-02
9.545524203732394519e-02
1.107587470417620429e-01
8.526862605833027131e-02
1.084574008652709476e-01
5.584105746679109139e-02
6.692561719596978875e-02
3.031922826261523526e-02
6.365512271084992901e-02
6.556541302405735627e-02
5.127494151482570039e-02
4.542653871103686375e-02
6.434607337075683164e-02
3.152769128563630806e-03
8.633925292689904885e-02
3.833327520283416612e-02
5.410150471632263480e-02
1.339673957243189308e-02
