3.422205477099418691e-02
2.951023065196239220e-02
2.658719185706123408e-02
3.274512696793934613e-02
1.992395760598700619e-02
4.352082970255807814e-02
3.507403938847931252e-02
5.135071322581922365e-02
5.975432782819779798e-02
2.893707880454004372e-02
3.279657689446292129e-02
5.543682360301183804e-02
3.405398559831651628e-02
4.058085087179445771e-02
3.827673814080434500e-02
2.853973475987539241e-02
3.694236724032003150e-02
2.665796272080696652e-02
3.806383279305691758e-02
3.738470080577736138e-02
2.171763815018212807e-02
4.218250519103304563e-02
4.092279997494419064e-02
4.061791017941176335e-02
3.635785453520892774e-02
4.685977128957325571e-02
2.070757168508005619e-02
2.106552483542157087e-02
3.203077786963259149e-02
1.261054545407426508e-02
1.380268320059828933e-02
4.085401728203686550e-02
2.589842486576185432e-02
3.505177898737897590e-02
3.844640573175690107e-02
2.876527889271802627e-02
4.385218658765933919e-02
4.372749639947075967e-02
3.787194120321462493e-02
2.333173488416515409e-02
