4.426510326535038412e-03
1.907705583588193213e-02
-4.486057436708932797e-03
3.321661545685750117e-02
-3.550163138165540917e-03
4.990253395405846136e-04
4.908321722475746107e-02
4.369082851871537547e-03
6.218102384753303874e-02
1.717694995841488256e-02
1.397111119560114079e-02
6.351014220874359913e-03
2.933364785116927137e-02
3.505945705780449256e-02
4.349787454054307445e-02
1.546767852686049827e-02
6.786647862348328848e-03
7.717862167140800145e-02
3.000123171691949919e-02
2.993041094956898351e-02
1.003815729606567092e-02
1.334459216606900291e-02
7.720000565302476137e-02
2.349237994034370294e-02
3.790597186982529176e-02
1.847311870507835352e-02
4.837500805747478507e-04
4.320904350963861683e-03
2.427759243019942878e-02
7.135993366528707582e-02
