-6.249468933091092415e-01
-1.681662141261282661e+00
-1.298040207571451443e-01
-1.234199172734554151e-01
-2.165289589479975074e+00
-1.445542082490312463e+00
-7.044750591092595604e-01
2.078475526608500878e+00
3.345191138355267491e+00
-1.450534035387231135e+00
-8.283813556835795122e-01
9.458517601876249570e-01
-2.188940793789160288e+00
1.473215179534750563e+00
1.059820513119922758e+00
1.681762000431084036e-01
-4.992884348857780097e-01
-1.119923542494777546e+00
-1.223053178289221110e+00
1.078840752692233007e+00
