2.947945636456502858e-02
-1.308986541391132623e-02
5.610029801558649026e-02
2.446907865104441804e-02
1.090110514567024652e-01
3.299159697238190220e-02
1.375341830306711366e-01
-3.912071162925558065e-03
2.298660118495350277e-02
4.121545060863906346e-02
1.378165233845408399e-01
-1.786362852018116842e-02
3.106104889164722910e-02
2.178472307378054654e-02
2.256307813932326503e-02
6.990178150023389214e-02
5.831691905652161730e-03
2.177459687397307816e-02
1.087296962580716203e-01
3.441631785886509892e-02
-7.147334419061154853e-02
1.153045232569942791e-01
4.523981052442060946e-03
-9.454724014575990876e-02
2.531131887375170919e-02
7.457836742836561339e-02
1.236694449496926057e-01
2.024254996283444685e-01
-1.249711327490507506e-01
1.401502533834202147e-01
