4.939855525465169928e-02
2.003150727628686886e-02
3.605469856764537823e-02
2.135099646705168955e-02
2.156756499741787486e-02
2.505839927406307982e-02
3.227349920530649119e-02
4.063847020067538202e-02
6.191789429742272644e-02
5.123851994476744109e-02
3.167144377406974631e-02
4.495625298094727690e-02
3.142447176338436510e-02
2.610302319902009852e-02
4.341118531648228279e-02
2.226195411427767806e-02
3.716749768332053977e-02
6.946356168618787220e-03
5.140793043633429954e-02
2.073192695585779691e-02
3.222969873531738444e-02
2.092117104988484508e-02
9.419732430350795382e-02
3.721229871066094458e-02
3.970435344993333837e-02
5.712218871666110281e-02
3.260898996260842841e-02
2.942867682011217345e-02
5.643276955767485142e-02
-1.335549765404076862e-02
1.923587194836733419e-02
3.125479728455635153e-02
5.205932258263484130e-02
4.974353062499489025e-02
2.053674963625635660e-02
2.034596281050580699e-02
4.563481232087170103e-02
3.875753194342958230e-02
4.125184423035600789e-02
2.829587948608169520e-02
