-1.513443412571545237e-02
7.362577901430253369e-02
-2.862841424174030966e-02
2.441697124365688372e-03
1.650407178571263031e-03
-6.106364588221791651e-02
-4.140167129481191199e-02
2.555279503222079515e-02
-6.531042070616373263e-02
3.287086593528534828e-02
-7.386299651175189107e-02
4.497843477591090960e-02
-2.852520894990839134e-02
-3.457188814474784072e-02
4.265355167084824289e-02
2.008531757025228473e-02
-5.092290571827196716e-02
-9.487618954631729662e-02
1.018574732182978525e-02
-3.247229606771723232e-02
7.852221584142680955e-02
-3.158375856798167208e-02
-4.671562382009605829e-02
-6.359070767900734666e-02
4.894139889442585684e-02
7.150516357427179337e-02
7.073829874361768112e-03
-5.796753693755058584e-02
1.569680270207633038e-02
1.140633800979306695e-01
