6.376438710525005049e-02
8.437337676368864003e-02
6.109836892937352965e-02
6.704471620807689325e-02
8.034382787422145178e-02
5.535434216877578584e-02
5.472916922829234448e-02
7.066949977835540464e-02
4.778533932292292064e-02
6.581384619375976741e-02
6.020520247271939768e-02
6.285078609278212103e-02
6.001692724533987111e-02
6.004413433818477780e-02
5.415954253653746525e-02
1.039827381840004034e-01
8.375129250792605340e-02
5.660673426751843679e-02
7.349984825303113034e-02
7.611584683790977024e-02
