-1.396676307765157797e-02
1.697541073275368306e-03
5.499711300291793004e-02
3.854321461970282997e-02
1.021289116418338250e-01
8.488762361653889518e-03
2.759212131949066449e-01
-7.335944617141022805e-02
-7.357504346296277198e-02
2.955072377209115586e-02
1.653051736291743512e-01
2.012284700026506154e-02
5.466497507834259736e-03
2.059152975018014101e-02
5.864305918444282645e-02
5.201738721961417927e-02
-3.824543723631344816e-02
6.303654087139656803e-02
1.238260919713754793e-01
3.784343614508171860e-02
2.974104761478035125e-02
8.044369270338963540e-02
9.801683907458241807e-02
-2.032711115674121771e-01
9.838870682814028490e-02
4.444718491758489765e-02
1.333457053942371517e-01
3.268234533823908272e-01
-3.781662152112542225e-02
2.082926334963995929e-01
