4.796014476262198956e-02
6.999839506490820873e-02
-8.908607503068600997e-02
-1.496315285438297796e-03
1.036814952673797280e-01
-1.284269325082242341e-01
7.555817147100507558e-02
1.408975795925007379e-01
2.677513179456977171e-02
1.513333781999444128e-01
-1.027447401754677109e-01
8.399280544549001665e-03
-9.825444683741635377e-02
-9.575806602976354165e-02
1.131064931313052052e-01
-3.315024028434764708e-02
-3.988063851629652934e-02
-1.451069908528090924e-01
6.668786079731134353e-02
2.156437139974680048e-02
2.003066848333720507e-02
-2.771492292635453422e-02
-7.291688247987439253e-02
-7.020232824537621374e-02
9.276373321826295038e-02
6.307095324279173021e-02
-1.603470142664965292e-01
7.029886910207926165e-02
-3.558459349661566296e-02
5.817574100263389614e-02
