5.240099462409748832e-02
7.582063488621289260e-02
6.254868015395299852e-02
5.354103900663593346e-02
6.698999459680538004e-02
2.209559921746669792e-02
5.090205185116135345e-02
5.906226408670711692e-02
4.869856104827952753e-02
4.924952515481695325e-02
2.986590792446420714e-02
6.428501178882992106e-02
-1.391001970338076599e-02
4.847187450755703619e-02
3.952506425327163148e-02
7.503302758435459463e-02
1.260865102068612076e-01
1.390266217716292808e-02
3.281578068780174884e-02
9.182813558923809405e-02
