3.706292292812695538e-02
4.201680867222793575e-02
2.084267274728055994e-02
2.998872396053351916e-02
2.870065273142877876e-02
2.007553946077439422e-02
6.823320115668086994e-02
3.016836090926150807e-02
4.781934162850461772e-02
3.792397604995335209e-02
3.237473837308286334e-02
7.856073280151275318e-03
-4.654634667871325460e-03
6.306379092302620559e-02
2.760502297142281708e-02
3.399689842326650974e-02
3.083965988564745658e-02
5.830224304011547010e-02
4.891075676323570869e-03
5.497858105326012407e-02
3.260189201230956346e-02
3.811225935860662606e-02
4.935682618699300389e-02
3.214834810251114561e-02
3.472179325258913790e-02
5.393927856116276232e-02
3.267976604421481829e-02
3.684780898095961488e-02
5.908531640841393345e-02
7.230476106610270182e-02
