3.424044875284315559e-02
1.005439210610125159e-02
3.280555717713481284e-02
3.070196479881065824e-02
1.982501624544005803e-02
3.123442649091881171e-02
2.407937315701077011e-02
6.099405044925157449e-02
5.300459984626112314e-02
1.758030089224806719e-02
2.461511724087750777e-02
2.701452277529661425e-02
3.799891459269695744e-04
2.571755674184274948e-02
5.485698904891820465e-02
4.178463037052193574e-02
1.906337139398283503e-02
5.818637005056619821e-02
5.218422950865302112e-02
3.091756548670385792e-03
2.773415166473089735e-02
2.527330847618351750e-02
6.050645305081580466e-02
1.478417133953382513e-02
2.789066209451081246e-03
9.131209365405196232e-02
4.916934219339293838e-02
1.073755989798156479e-02
5.581139064550026674e-02
-8.834978127502748219e-03
5.116697089671883719e-02
1.611405089812606439e-02
5.947150559339821341e-02
3.335441532637157397e-02
3.616969793143972461e-02
6.012512159030969361e-02
5.781211467526364139e-02
5.778219402647136183e-02
3.306468822196872992e-02
4.869885082035566026e-02
