-1.033851515145432831e+00
-9.214823321359686403e-01
2.176906649387101989e-01
7.654001415890900883e-01
-1.579271272828652206e+00
-1.110214959017153946e+00
-1.233645200497091032e-01
2.051275068089136511e+00
1.017290914429882953e+00
-4.722303049831506616e-01
4.182395327728525292e-01
-5.101890126662291802e-01
-2.832022694541279639e-01
4.457323314445296170e-01
1.496537548330782119e+00
-7.084470271774301331e-02
-1.683326882907600908e-01
4.668573217196994030e-01
-1.786241641106005584e+00
-1.253857938966642938e-01
