-5.153305017827562035e-02
2.865914828533830741e-03
7.678169832658400529e-02
-3.563936027445424592e-02
1.699934579859931905e-01
1.948754052271145509e-02
2.007582267400668807e-01
5.440252439092838066e-02
-1.573121878719572347e-02
7.856225612906539424e-02
1.777483739113327188e-01
4.934798923847873858e-02
3.231845280185125652e-02
8.464566291877802240e-02
1.430585133164527165e-02
-3.053962078109309988e-02
-3.158288414508415853e-02
4.267320434387274902e-02
1.138713498630297138e-01
6.961888657316707418e-02
-1.945168563411824383e-02
-3.669265836465980535e-02
7.891460240482926769e-02
-7.217964239802029947e-02
1.814192085869057725e-01
1.882457238561159873e-01
1.739217434703074772e-01
2.364564802004074373e-01
7.888565508245050373e-02
1.567460949395466097e-01
