1.726906308022805314e-01
-4.468591265974050653e-01
-1.265889408265352456e+00
-8.927104420826763587e-01
1.020308322742303986e+00
5.858707943439340760e-01
1.098276462903429396e+00
-3.513207365425682349e-01
-6.489339878804787354e-01
5.083764668915291551e-01
1.160670690614609590e+00
6.142360711767680392e-01
-9.538458352056444767e-01
3.755343364910295190e-01
1.395307443830146044e-02
-2.927018205125198613e-01
9.747149766414431316e-01
2.820120367581568921e-01
-4.078035701700957749e-01
1.469125505353459538e+00
2.989970311516649826e-01
-6.335924056236924562e-01
-2.109161450182313935e+00
7.709502812075382794e-01
4.877998543487168659e-01
-5.622123160019776300e-01
1.481206799823660547e-01
-1.241794876423737287e-01
1.141027137001471736e+00
-2.165973825439847289e+00
