1.537567231658717309e-02
3.050675615048297103e-03
1.266453380119002964e-02
3.360445843134664962e-02
1.508695049909514543e-02
9.189215572828420692e-03
3.683769642033699054e-02
8.262414207077727404e-03
4.780518943351401429e-02
1.998693177695234913e-02
2.702182304087515780e-02
-4.961853018171215844e-03
6.508682502502073815e-03
2.834856149041724629e-02
2.963368069488794138e-02
1.231243115569991518e-02
-1.011300710276809289e-02
5.396809499352707429e-02
2.040041835143393059e-02
3.917376326979718493e-02
1.338622170919832356e-02
1.405119327982304843e-02
6.635631126632207666e-02
2.081424494863898245e-02
3.448890607996966950e-02
1.877697352833737274e-02
1.391034379282591119e-02
4.828087625809291544e-03
3.528201155274768991e-02
7.080579551538403182e-02
