2.355490151971231794e-01
2.175078269733713224e-02
1.269755987470824465e-01
-3.673559793340348129e-02
-8.734654816571464642e-02
9.861652883757676680e-02
-6.995969227875415905e-03
1.398498675672629477e-01
-1.458276656217312728e-01
1.484575048492721150e-01
-2.371835778477650591e-01
-2.816756647286721704e-01
2.284640554515775801e-01
-3.773304610165107986e-01
-3.945500300931296944e-02
-7.286372332387484885e-02
1.438963185302868653e-01
4.299088677021498106e-02
-2.043162792757050039e-01
1.328405802484764198e-01
-9.766379781360659540e-02
2.081050773296965750e-01
7.329260365120641996e-02
1.181149599474984047e-01
-1.141961960216474753e-01
-3.128687210580620159e-01
-3.605407294265693119e-02
2.726239223447312621e-01
-1.913630124252599651e-01
2.423651235992539330e-02
