7.334194399788484045e-03
-6.113539526298597537e-02
2.874409577574954522e-03
8.700215571309335982e-02
8.817029365985601386e-02
-1.255677898245576886e-02
-1.038981045195903202e-02
3.677749344373450191e-02
-8.337539165339971636e-02
5.560293126802118985e-02
1.457643804271754606e-01
8.068772692573370278e-03
-6.706288197110892024e-02
-1.919905616692881012e-02
-2.579704731585017938e-02
-2.535320303989057472e-02
-1.368302061967029415e-01
5.145967766219024415e-03
-1.140076279534222026e-01
-5.553520878916728271e-02
-2.122670626191005411e-02
-5.175101843880194202e-02
-1.835030980752988816e-01
6.098498720056314687e-02
1.295765229146716990e-01
9.388343025095492733e-02
1.543977266581715302e-01
-5.758262512602826391e-04
9.361571094046058916e-02
-9.351279482233497420e-02
