2.003204112116712191e-02
1.778578308236069975e-03
-4.535316780619976819e-03
3.495142460928273541e-03
1.815932492105924723e-02
9.177624185863089354e-03
6.380992144941950196e-03
1.871310848759325310e-02
2.358688434715421924e-03
2.123395636162379169e-02
1.114491848802068481e-02
6.765616967351734644e-04
-4.047697884364117801e-03
3.709241645194053568e-05
-3.604179460820560420e-03
6.417757238834480467e-03
6.447756673026642897e-04
-2.081532726192072708e-03
4.824404784342601303e-03
8.515035568823461215e-03
1.286967341838317520e-02
1.464576264397375767e-02
1.084647232504759584e-02
7.991914808062007200e-03
1.144193273721660908e-02
2.124118507496267419e-02
1.554547538153978892e-02
-1.309230093444120439e-02
1.270366939549769612e-02
7.952259717111932052e-03
