7.084242795665295946e-03
3.428075827238081380e-02
7.071784606911024618e-02
3.709825027155447957e-02
6.510322045056633755e-02
3.535202530904633239e-02
6.508493831782630190e-02
3.393943644668788451e-02
1.137809435394281955e-02
3.612254387594332483e-02
1.014902463407613975e-01
7.213068045577773757e-02
2.737825814096179339e-02
9.528479220538191297e-02
4.322488160936119317e-02
3.728613883831262410e-02
3.339659919895144463e-02
4.951553445750996735e-02
7.096648103623694193e-02
9.461067024012262405e-02
4.614584558383529045e-02
2.745193105454823632e-02
8.112304680042899119e-02
1.375245200992185855e-02
8.978587496971326964e-02
1.070152929049106028e-01
5.597900858265476842e-02
1.701686166712418347e-01
8.359827085822402193e-02
1.299521696515419655e-01
