1.131522147182939975e+00
1.300707370947469799e-01
6.555957410358049797e-01
-1.382984135831292205e-01
1.133106941721440553e+00
5.726845658904546887e-01
-5.465883944881314571e-01
-1.457287969159825058e+00
-1.979559303806435411e+00
-3.009435880432537180e-01
-1.823057289491366029e-01
3.557540349629547682e-01
1.987364439728759313e-01
4.594949226697019884e-01
-4.934122655366839361e-01
-3.078393632105697053e-01
1.565143544139666831e+00
2.705775343262417643e-01
-2.632191565983422521e+00
-2.524627315378443981e+00
-8.759214867065100441e-01
4.495710023217271978e-01
4.984126539917205223e-02
2.509253568573708848e-01
-2.679978952552861671e+00
6.440338031698296106e-01
-7.259732873092781258e-01
5.596394245501787879e-01
-1.027174044376420348e+00
1.953349503412383115e+00
-7.387479437078519062e-01
-7.106966920708068791e-01
2.082980808295091801e+00
-6.939268428711845571e-01
3.101315887753607337e-01
-1.298833769187270004e+00
-9.784615834573794357e-01
1.141082057440815589e+00
-8.384066246700098146e-01
1.294086080041117470e-01
