5.942446941759475798e-02
2.285466353900885220e-02
7.057192349316913915e-02
3.860554074036674083e-02
5.438752476348453907e-02
5.777870295196570888e-02
6.738821116048605842e-02
5.959135327728989212e-02
2.003142892165735850e-02
4.696990702726672184e-02
1.059109815755268080e-01
4.304819536375534272e-02
4.480134339931910598e-02
5.033897050840172721e-02
5.588081274003013632e-02
3.556489115921308147e-02
6.817980203649857962e-02
4.497850316847797764e-02
7.105533956833398612e-02
6.735736895665055124e-02
3.514401519538834506e-02
5.822266284990951224e-02
5.853450819262943916e-02
3.922020042884187541e-02
5.619480736596559750e-02
8.820584265351741338e-02
6.142491096680831320e-02
1.130302808677935561e-01
5.695365168567268627e-02
1.125152075756272879e-01
