3.162556338382799259e-02
3.199028795269040493e-02
2.944826548203230421e-02
2.290062869487243316e-02
2.490761773214541716e-02
2.069887345927854880e-02
5.370556701297501956e-02
3.195365916463088762e-02
3.862012889463726367e-02
2.185663823458269470e-02
2.893220837071256574e-02
2.237672017558234305e-02
1.981369241806662032e-02
5.048743180438678563e-02
2.097598881222949296e-02
4.000342740615525639e-02
4.962617980434543691e-02
3.992962719257307780e-02
1.773217376916826765e-02
5.380545758655673472e-02
3.231624257055807498e-02
4.000506089451680292e-02
5.738508286177837481e-02
3.520595493779261898e-02
2.422438881045147624e-02
4.362418717476446162e-02
3.009148713282685725e-02
3.420843420151875591e-02
3.823482035251403455e-02
4.830959297032662997e-02
