4.120947655248707181e-02
2.908685066608325195e-02
3.556674778515242497e-02
4.332100925652959678e-02
3.130472889713403067e-02
4.680835341637182290e-02
3.643432843720795927e-02
4.490570428378340417e-02
6.141261746796911059e-02
3.699832218973376358e-02
4.422303414880258965e-02
5.094515264641316654e-02
2.800971788383183059e-02
5.178013560695882145e-02
3.816237203711955045e-02
2.693596175834370166e-02
3.626618709423229392e-02
2.892794394262942007e-02
3.734116048708122082e-02
4.357437028747328245e-02
2.758881757444209271e-02
4.519132448513337591e-02
4.077603967802061191e-02
4.591125961065725680e-02
4.152601523420886703e-02
5.118021043812459592e-02
3.471727150570368126e-02
3.614593257367545304e-02
4.236634291051614293e-02
1.559379108297353697e-02
2.444560304694128050e-02
4.450817532449331815e-02
3.420978399300436679e-02
4.362998542008768993e-02
3.906841020748970383e-02
2.581573331333408133e-02
4.299355559739835575e-02
4.022781412594968881e-02
4.553102076814056348e-02
2.476814135736895087e-02
