-6.120702648777679583e-02
-2.336253072163463340e-01
2.815592413084030410e-01
3.846130145633980951e-02
3.013092502010032980e-01
1.553215439646763452e-01
2.240307694921811199e-01
1.810879413488946932e-01
5.100402672258318865e-02
-1.225582364500547722e-01
2.426217383489563395e-01
-3.160093188521348462e-01
-1.692147760683488378e-01
-2.019057590663587975e-01
4.435309929987537453e-02
-6.704906103001297135e-02
-1.766469689544488131e-01
-1.267608021076740699e-01
-2.177881217320263019e-01
2.361354225692560982e-01
-2.586756847112616775e-01
7.913122140786203740e-02
-2.708995126341249282e-01
1.209097124429988485e-01
5.227677796611943095e-02
4.255428546070507689e-01
1.020298097852680580e-01
-2.063295571983733978e-01
2.869930467340269242e-01
-2.278519124618552383e-01
