3.771009029242463478e-02
8.341788571371059127e-03
-9.602957137026916362e-03
4.806691353789443143e-03
5.461176694807727723e-03
2.022102109435169881e-02
5.733121202638402462e-03
4.716819883715572814e-02
-1.176410664484885647e-02
3.425818474620959814e-02
1.359305666350284561e-02
1.000602643287564885e-04
-2.039846841939541369e-02
-1.520445868448581407e-02
-1.936217632636841324e-02
3.856392779617575945e-03
5.013739212359020689e-03
-1.598880152346963610e-02
-1.154650110410041126e-02
2.347588341829754191e-02
5.510862590698135423e-03
3.100392575086027402e-03
2.827544432655739598e-02
7.192715460730038889e-03
2.294343906927811400e-02
4.196242306459081056e-02
3.983044553515216468e-02
-8.800793026764583069e-03
7.037531944713170187e-03
5.449943176858398214e-03
