6.272243943183478110e-02
7.534520827417662270e-02
4.030994480790847656e-02
6.074732098368584854e-02
7.213011443737687989e-02
4.910056970690974271e-02
6.800940008044811802e-02
7.761529657553817296e-02
3.481455064193812038e-02
4.463897529876979103e-02
5.189184158077257691e-02
8.056523340561812241e-02
1.758338907739376983e-02
5.953452129511724311e-02
2.830636930638329163e-02
1.422682241074808562e-01
1.176403780089102374e-01
4.132592498676404026e-03
3.879147512900500694e-02
7.536915600632211609e-02
