-5.111632248176353199e-01
2.222799161780009414e-01
3.840962756989779736e-03
-3.204605511319068012e-01
6.940453885480392104e-01
-1.579525599523042556e-01
2.906165831661072230e-01
-3.180113128344849716e-01
-1.985828310121394435e-01
-5.193934962120234644e-01
1.054820739890184322e-01
5.061705816361531385e-01
2.892989682661641082e-02
1.319221143237682137e-01
7.316297278746077826e-01
-2.787786643228167827e-01
3.431614273502996415e-01
2.754433689898295734e-01
-1.179086256734172278e-01
9.107028420791779544e-01
1.759785773315686030e-01
-2.866909451953071342e-01
-8.124901905699648541e-01
2.504424953530367537e-01
-1.707647274656315384e-02
-7.393267634535809485e-01
5.060826392439670141e-01
4.662757858323529625e-02
-5.128620485411112817e-01
-4.175418595565025259e-01
