7.771737763756284001e-02
9.425258057741649209e-02
9.588150140445937664e-02
7.630190275124161536e-02
5.190122722535625566e-02
2.802666644046987801e-02
4.320109816479631576e-02
9.772028258312426274e-02
6.497841053465552852e-02
8.022821084224224242e-02
3.286181026438492192e-02
3.427242779362098257e-02
6.427343108159248863e-02
2.171598359948911927e-02
8.320828339211065738e-02
8.624726041527898401e-02
6.415882094841528216e-02
8.810656029002533751e-02
1.119327458311737133e-01
5.687714465434974553e-02
