1.599157415920038627e-01
-3.301589863042660444e-01
9.101886198842822073e-02
4.097073606182721761e-01
2.534719362216359961e-01
-9.271594983217519570e-02
-7.059090460470700268e-02
1.007773219932705383e-01
-5.737816637905822359e-02
8.632085239960282652e-02
3.935522788253910109e-01
-5.590712079129285528e-02
-3.376539675621055836e-01
-7.184307442433982005e-02
1.103007504921298676e-01
1.646452683404452111e-01
-3.293553197115383635e-01
7.181952697849623701e-02
-1.789978356906878343e-01
4.393369779631596528e-02
-1.596907842465190019e-01
1.791272620207799149e-01
-3.452494490884128742e-01
3.732450003313592113e-02
-5.716917493190437627e-02
8.557399093131332068e-02
5.461776706006172405e-02
-1.828694822198727032e-01
1.092555942388930695e-01
-3.194836053577643220e-01
