-5.690076575944302308e-03
2.514682607888040627e-02
8.272278182875852579e-03
-9.363842914423050126e-03
-2.603582245953186755e-03
-4.283526679972104838e-03
-2.258740401544199333e-02
1.434891394152663577e-02
1.454265460597349048e-03
2.045162230332286252e-02
6.237325359795248660e-04
-3.874853697483332526e-02
2.176792170659046233e-02
-2.969748462753316748e-02
1.294306454452573245e-02
2.846901486648618571e-02
2.138934432099101959e-02
6.029658395496130009e-03
3.641132675316002126e-02
1.620405820643836328e-02
3.346008499819345949e-02
3.332848482539419593e-02
-1.260485470560541131e-02
-2.724901168529619139e-02
2.289249064203580444e-02
1.735592424167473405e-02
1.431495905842348169e-02
-2.386664537764381783e-02
-1.275330235725752499e-02
1.901386467141874884e-02
