4.088989737075154340e-01
9.310807523615212133e-01
-1.328904935327881835e-02
-8.410606333037243809e-01
2.712238153972015731e+00
1.040796793822954314e+00
-1.031448270211060780e+00
-1.175363030146857390e+00
-2.176174927022724304e-01
1.228379141637982563e+00
-1.496000361528186273e+00
-9.347633134318997783e-01
4.440358975073697145e-01
-1.045585783567699462e-01
3.830948607410791795e-01
-1.485422531819925673e+00
9.278671659617324652e-01
-1.574897117103531974e-01
-1.135611567000037070e+00
-2.556975545901069236e+00
-4.414079123050227982e-01
9.207053206465262152e-01
6.275410941290455735e-01
1.663735643860211999e+00
-1.693239080469450375e+00
5.645905531101448327e-01
7.053548702363869882e-01
1.260678994960936716e+00
-1.439043609954703928e+00
1.289365475466274225e+00
9.351204537685954277e-01
8.332585176032921703e-01
1.278007123311612814e+00
-9.635634658960285925e-01
9.207306025035527641e-03
-2.979703900240158188e-01
7.392590992362130242e-01
1.455506444960023682e+00
-2.493215189274268773e-01
7.150887069673736995e-01
