1.229217343346356017e-01
2.355289988832123121e-02
1.341548266590945615e-01
7.155963294243010420e-02
-6.560545546963036934e-02
3.150967231382457295e-02
6.293993670259998008e-02
2.019535536109458851e-01
1.172054084863345808e-01
8.884157618611404628e-02
2.237747989673158355e-01
9.378733176150998163e-02
-8.354093248110606995e-02
7.609994391182693663e-02
1.038206305041844552e-01
6.146643407552930538e-02
1.503271142776752001e-01
5.271952330554603716e-02
3.556657185594276627e-02
-8.426914584749038706e-02
