-3.002774389206473021e-02
2.118684616187388806e-02
-6.364124866975592876e-02
3.245216644311420956e-02
4.664470942860664271e-02
-1.671467991161292577e-01
-1.087807314579486290e-01
-8.225033313518245737e-02
1.099353054457146844e-01
-5.605198484669013728e-03
-8.706611410265414908e-03
4.132083118852250547e-02
1.142939872611943991e-01
2.456681159478830978e-01
-2.248915562483435465e-02
-1.223962438861314478e-01
-9.713729833557657734e-02
5.928482612528006290e-02
-4.790127903067581405e-02
1.161643023570870653e-01
2.182473543523505977e-01
-7.405095001721739845e-02
7.164360364943067605e-02
-4.102447859795362028e-02
4.650278481460867058e-02
-1.279042080494922629e-01
2.984110600056181714e-02
4.786680390062374169e-02
6.841452872682463049e-02
7.439355293754441878e-02
