2.028345405248879046e-02
7.532062512355581531e-03
-1.356635364259288490e-02
1.075792197774303989e-03
2.300674488532384113e-02
6.576706994428163817e-03
1.491115721081838312e-02
2.271940367489624218e-02
-8.086032511816330795e-04
1.758784648586253843e-02
5.461935432863098891e-03
6.235115590714622458e-03
-1.133262917071244102e-02
3.586357464497699505e-03
1.173222968963526409e-03
-4.646337085661838250e-03
-4.396740103321900191e-03
-3.950081396461284193e-03
-2.388711850583197260e-04
7.656122089335734571e-03
1.162393207216903118e-02
1.308994812905110543e-02
6.257323917653485716e-03
1.437466960231159260e-02
4.424448376529143030e-03
1.748428907452961173e-02
1.396712875309693083e-02
-7.295103593609976976e-03
1.083546279353982643e-02
5.349815419066435151e-03
