8.823151335343637491e-02
1.332074707181588880e-01
-3.586894012004646776e-02
1.029867313867147555e-01
9.609878462459799098e-02
8.069039474152560343e-02
-2.793047976974924809e-02
-3.143584704258762380e-02
1.222611692488744378e-01
1.126491488728660478e-01
1.309256562970909088e-02
1.165456205638623483e-01
3.344877159376703768e-02
1.621759991496712627e-01
-5.826511459426960381e-03
6.999260979078619771e-02
3.473002136575673721e-02
4.394703829059835171e-02
1.489244135912952752e-02
5.335145187771171693e-02
1.072791316326541927e-01
2.157116656451514569e-02
1.457405377862279194e-01
1.780802565613662514e-01
1.320329236692764086e-01
8.168142065472500102e-02
5.208598887834826885e-02
-2.968023678246128894e-02
8.366625904811782199e-02
-6.533484137500340794e-02
4.085082479485322576e-02
-1.244328609372829554e-02
8.531719450893603118e-02
3.554766708349570842e-02
7.672300358835666689e-02
-5.832015453316943127e-02
1.047458862875245006e-01
3.048089826706978922e-02
1.773594973387654372e-02
-8.105150980287498946e-03
