1.112597815343327884e-01
8.700174725407582021e-02
8.710111426013694702e-02
5.464945831739211057e-02
1.197586838338975113e-02
-7.408653975507739110e-03
7.180610612472337895e-02
1.201791831924854809e-01
6.250641465350556536e-02
8.898202794092713308e-02
6.498939513841303639e-02
4.074493226647724065e-02
5.749318177169462224e-02
5.253386640720460188e-02
6.864410051679920022e-02
6.007969023828579197e-02
1.070798297140186234e-01
3.722755866149245890e-02
1.195785780976205276e-01
6.545756664843277450e-02
