4.486652330269991218e-02
3.007291033542760627e-03
-1.785480824504318692e-02
2.165132247998290127e-02
3.396734723322126365e-02
-4.019149326544763090e-03
-2.606210772686315836e-03
6.765972496604799602e-02
3.821039155060280187e-03
4.558249402244120979e-02
1.526765069628945037e-02
-2.439638240344121564e-02
1.337287438945156635e-02
-1.969505324750388600e-02
5.874792189354450730e-03
-2.114641032970426132e-02
3.795599259268461062e-02
-2.091046757903827422e-02
7.213054420329257505e-03
4.603775545943634279e-02
2.294000057771122814e-02
-1.129751085209121722e-02
7.254205617675438906e-04
-1.374426058918938945e-02
-3.566310869035342439e-03
-3.934902585141147012e-03
-3.235723427324467549e-02
-2.007492785142039188e-02
7.220872932744803845e-03
-4.498603422266329172e-02
