2.554586587197626990e-01
-5.458894527295512500e-01
-1.985615223079749692e+00
-1.682199800778345411e+00
3.882901837017675994e-01
-7.303146888711463669e-01
3.130208901256353315e-01
-1.830811725033076659e-03
-1.399382563985885897e+00
3.423842358203502689e-01
-6.463756275396583817e-01
3.004446034823280987e-01
-8.173704873070293253e-01
-5.196195003396408135e-02
3.225534681361580391e-01
5.886319702345081950e-01
7.226258130991733974e-01
6.173697794606107792e-01
1.745366775972390982e+00
-8.017300978712272874e-01
-1.453182976125651504e-01
-1.262485492126061093e+00
-6.012908448334639694e-02
-1.033644085383166988e+00
1.066181983902148911e+00
3.287880198449857905e-01
-8.936493561801147623e-01
3.963564776553751834e-02
6.664665608168053312e-01
-5.467496141447609759e-01
