2.021690118118729326e-02
-4.216905068962953362e-02
3.366404826286244906e-02
2.568573858027371759e-02
9.002549781597206369e-02
-5.338997814272797293e-02
-7.110538862974154217e-02
-2.301980453984030922e-02
5.024191107505055626e-02
1.045378367082482746e-02
6.198420488812467211e-02
-2.010879551554781153e-02
-3.419319572184035486e-03
1.161054306647063689e-01
-4.660926901233961028e-02
-6.302388307377022880e-02
-1.003380739904264213e-01
-1.207001868154973338e-02
-5.495556762736011208e-02
9.141998954753324802e-02
1.097405215918749871e-01
-2.526176083922357721e-02
3.363053219809371969e-02
-1.049211658137069736e-02
3.295937222362612523e-02
-4.430449436211827269e-02
5.904030371857921927e-02
1.653709926054429749e-02
8.170932192331292754e-02
6.465848894424518212e-02
