1.882685552957262531e-01
4.091262608085765445e-02
1.637699889173813428e-01
2.413640474459178772e-02
4.519732719432689727e-02
1.823616524543348050e-01
1.331267827466448839e-01
7.274780243853251616e-02
5.974564653902995209e-02
8.413904547433571912e-02
8.669625693480427844e-03
-7.955574248670453652e-02
1.889638552322302767e-01
-4.053071970356008497e-02
8.910448181457153449e-02
4.201129824575431521e-02
1.298764431645025308e-01
1.093117192088808622e-02
-7.649389224343080065e-03
-2.639368529918079478e-03
-1.123751583739691223e-01
8.544539067839451718e-02
4.984847870788657737e-02
9.614775626810334597e-02
3.532138150730295550e-02
-1.041747298390594267e-01
4.321514652721284572e-02
7.375871997870191155e-02
-1.967010105234104703e-02
2.498215638586728793e-02
