-4.124232827483008401e-02
1.439854375494915156e-02
-4.459601902342721913e-02
-1.962762819180383436e-02
9.422978835395388886e-02
-1.530784437813708931e-01
-6.948808090101886437e-02
-6.273817630717226645e-02
7.823844196033574727e-02
-4.812282403062009134e-02
-1.326520834387708847e-01
-6.502033445135405043e-02
1.843822367794852590e-01
2.030593356285311235e-01
-4.464981232863258348e-02
-8.723777062758343581e-02
3.566232393650431431e-02
6.472474039567306658e-02
-8.078146103647410037e-02
1.357198072109400411e-01
1.370648754018655435e-01
-1.956399231536643663e-02
6.163839241718767348e-02
-1.779557604839203389e-02
-1.661672125141236411e-02
-3.355121596618530072e-02
7.446593789709830824e-02
-4.863481394807553371e-02
6.016141663044650284e-02
1.469526087615611043e-01
