1.141000692213712114e-01
2.132745183517226542e-02
7.407855567180916811e-02
2.559559040983964279e-02
-1.439422640238856299e-01
5.023975420089007819e-03
1.171891573008425752e-01
1.355127754361670211e-01
3.901260850042650302e-02
9.239798742682320265e-02
1.504242182539670958e-01
-7.655836660219726177e-03
3.372436618707214812e-02
6.433239092759639177e-02
8.972006289930950507e-02
1.274744579570653569e-01
1.519136138018196691e-01
8.756821822788920032e-03
8.729578868368102762e-02
-6.832159265166854595e-03
