7.721564947591905703e-01
-1.404975637328556459e+00
-4.379896808443132228e-01
4.865714676193443888e-01
1.704784244109585734e+00
-9.297757945802778146e-01
-3.940442050908570248e-01
-1.735192920838982689e+00
-9.288583431968553406e-01
-3.913422491512202339e-01
1.218511195764771404e+00
1.203741383331992543e+00
-9.891670300341112165e-01
3.237662948311630928e-01
-6.398333027781022420e-02
-9.051356170323432426e-01
-2.017848891959299062e-01
1.392561377364450292e+00
5.488940276339052682e-01
-4.660902389857968231e-02
9.885393907872733754e-01
-1.589332568398039047e+00
-1.154678978539632084e+00
-1.106353489048752525e+00
1.532764878664371944e+00
-6.725086499632724202e-01
3.306138066234162176e-01
4.830456749696687702e-02
6.066332411932162660e-01
-1.179152169652649240e+00
