5.040812207465863309e-02
4.374989294537077328e-02
-4.824618873758737374e-03
-5.695709737440685788e-02
-9.506811251862897286e-03
-2.427489437973526579e-02
-3.811382420588134423e-02
5.057389178910635247e-02
-3.732122011184088595e-02
7.657414447334491558e-02
9.142032217903396304e-03
-3.383391391611078464e-02
-1.238357813131897057e-02
-5.440321527370830385e-02
-1.045510963416384706e-02
8.600119351451000760e-02
2.108655201375052995e-02
-7.927712839268803713e-02
1.182878035986036601e-02
3.278990726435560693e-02
3.384897290576423246e-02
6.526122353781473387e-03
1.209186041247864093e-02
-2.067027278633939980e-02
1.613602999350072231e-02
5.081094439719360117e-02
4.424665631033303237e-02
-5.064164654078781580e-02
-4.397471798258710540e-02
5.771973589327058368e-02
