-6.713791472754082612e-03
-3.324786316171752243e-01
-4.669648409536833467e-01
-6.627671890763269236e-01
-4.086865053662930292e-02
-2.426623151284702518e-01
4.790866005622368418e-01
-4.808163113251112120e-01
-4.399108088897853985e-01
2.486851212312580772e-01
-2.471840259220605129e-01
1.347547959119940464e-01
1.024259564933889116e-01
-3.495179930334347818e-01
-2.033813504961032859e-01
4.051488043431035191e-01
4.595147363184646228e-01
4.197459390551350200e-01
2.416601283921341048e-01
3.630581089176744269e-01
-1.167352410325324524e-01
-2.169385277899091580e-01
-1.998940358093362901e-01
-8.163003898743178555e-01
5.442434919374183888e-01
2.044339379031140380e-02
-4.008353799035974663e-01
-6.601795891805484207e-04
5.520567578082348215e-01
-5.005065080108315190e-01
