3.805710880753401804e-02
3.628643042298072136e-02
1.777004506842843820e-02
1.198034960439047225e-01
1.226050122723802488e-03
5.363266063131957861e-02
4.493089541061066894e-02
3.072886388313347469e-02
2.462141902775799238e-02
5.638781477110577783e-02
5.024550084538714073e-02
3.475357451286743837e-02
3.849082588661655729e-02
6.714291234036422196e-02
1.523801443209069767e-02
4.072527680664644878e-02
8.177095890846005147e-03
6.648339308192545427e-02
4.551234006677812305e-02
3.416021386808024835e-02
5.981120606274915180e-02
-4.171153687344555765e-03
5.159157886975696689e-02
1.899293811063462734e-02
6.441094110911345372e-02
1.872953830744275919e-02
2.620298934944355340e-02
4.888549798294416354e-02
5.925091882027867102e-02
7.350624844835836058e-02
