8.154226299477691786e-02
1.028918669100903904e-01
1.515872082171687840e-01
1.036662454260982025e-01
3.213814147183186726e-02
-4.411533446890834181e-02
8.685119358877876894e-03
1.403286063991398269e-01
1.172367552314241973e-01
1.338439973296574326e-01
5.992213190833488301e-02
4.472857546235849309e-03
6.621310366952939952e-02
4.030239949572584496e-02
1.155002399060476442e-01
9.883355809266826386e-02
1.964046175592138593e-02
9.608631798102029720e-02
1.329231641310924250e-01
-2.572838553065259076e-02
