-5.842155366404273575e-01
-1.482944394828233751e-02
2.220117387700271117e-02
4.323295843286238949e-01
-7.957731427089667076e-01
-3.354576598540663923e-01
-1.354068427241239547e-02
9.265856839938190204e-01
7.377243804751076883e-01
-2.396518887179567847e-01
2.713074638906655123e-01
-4.892187973512206467e-01
-9.276468090142508949e-02
1.202322899986257854e-01
3.487378904687502557e-01
2.600738815265579706e-02
1.995543517634346120e-02
3.851652236684086072e-01
-5.953354089219768941e-01
1.187571837531221502e-01
