4.190048498392667797e-01
1.449187214041866567e-01
5.982355513541872671e-01
1.686077959668520476e-01
-3.357779118600608403e-01
2.709845778354458279e-01
4.158776918212055973e-01
-5.362256159906086950e-01
3.162493080254744071e-01
6.866820293331842295e-01
8.591144181821491754e-01
-5.641241796785555901e-02
-4.854767618864623269e-01
-3.452299073860858325e-01
4.384951965652830741e-02
3.930804356760650986e-01
7.592712343741319092e-01
2.765271038506378343e-02
1.770329759438669104e-01
-1.539562256676623164e-01
-3.546175434945079141e-01
-3.987189295632618813e-01
6.579788527263473741e-01
-7.067940004148896005e-01
5.759391312367279081e-01
-2.782078354963963829e-01
2.586306595724287005e-01
-2.646151094404669557e-02
9.067477923561516606e-01
-1.697883497075096670e-01
