5.427911841713243396e-02
5.381056708555757850e-02
5.441388985709889187e-02
7.028837059995239611e-02
4.500203004683589469e-02
6.591031596768549827e-02
5.323811393097564043e-02
4.494853119190200114e-02
4.766998509194741995e-02
6.322596356475282398e-02
6.135604138413315589e-02
5.933332740594658705e-02
5.572228742888574171e-02
5.581910282469483564e-02
5.626138816075883925e-02
5.549074311040833041e-02
5.472790833260442883e-02
5.812249056216264170e-02
5.803369974805686060e-02
5.577724567291575397e-02
6.625280849330919541e-02
4.613137549664527576e-02
5.455824099698781959e-02
5.218347579836046801e-02
4.950429597691468481e-02
6.253851366749321739e-02
6.383481335274861224e-02
6.887045374828985878e-02
5.977446160209136383e-02
7.799472556084641184e-02
