-1.110976855948246633e-01
3.544887482938133827e-01
2.459090904573245917e-01
2.374088219982805614e-01
-6.214537784798467718e-02
-3.148946349879337414e-01
-3.164998192098064100e-01
2.511434628572674077e-01
3.782866977751273008e-01
-1.970392263432818244e-02
-4.270437896117882381e-01
5.599537226849251453e-02
1.185102320013511762e-01
-1.487081514499576929e-01
2.235003748534076795e-01
5.612576586575715454e-02
-7.089395043767170168e-02
1.929365836334538398e-01
1.249662793215446238e-01
3.432801960231094962e-01
