-6.945050681130500447e-02
-7.692671172895068632e-02
1.384706197034746289e-01
2.749311808762110523e-02
-2.320160631457623135e-01
-3.070758105140543315e-02
-7.943179068366988671e-02
-2.942933158771625091e-01
-5.981996993413458696e-01
-3.533670770668962402e-01
9.901001022069615132e-02
-9.143688502750309255e-02
3.951524610037148721e-01
-1.770056553968035046e-02
-2.522760793710959043e-02
1.441017318727299277e-03
-1.496289535565837325e-01
1.562895169656748351e-01
-3.860085039691462105e-01
-3.231410624644777130e-01
2.919807391385462747e-01
-8.496151485580787088e-02
-3.558719096316150660e-02
8.030871742445588879e-02
-1.965307882237041781e-01
-2.072812971747816646e-01
4.109081233674196643e-01
-3.843657022068286966e-01
5.397809349870122397e-02
9.650637671891611202e-02
