9.730148906400854641e-03
2.643192130951037624e-02
2.493896210717086448e-02
3.831275464895351340e-02
2.237065771630671052e-02
9.584123715225737958e-03
-2.144292488756982529e-02
1.589969217422643188e-02
3.963802406928881167e-02
3.450528074767328368e-02
-3.840113164422473933e-03
-5.591794796299438472e-03
-1.548298114585172462e-02
6.752987784038992636e-02
-2.948589183716259290e-02
-1.444481705156841489e-02
-1.363931748237140820e-02
2.255016292126198196e-02
-3.238756653628806215e-02
1.636107698885562803e-02
3.636835107078768836e-02
3.322120794291438112e-02
1.113191370074083711e-03
7.606033657970851306e-03
1.873951930698328217e-02
3.539486756621873509e-02
6.346336606603072972e-02
9.382248930982856278e-04
5.432302823956212251e-02
5.424686676902739507e-02
