5.096815273674676350e-02
1.450288914647647129e-02
6.662404623949549909e-02
-3.730287857099616189e-01
-3.007193345875993143e-02
-1.581153693656987391e-03
-1.362768581075551877e-01
-1.591090170439445617e-01
6.717284823736927035e-02
-4.108115938760127650e-02
3.392544806252476564e-01
3.061851556696881110e-02
5.625345262815572012e-01
9.461523124566641185e-02
-4.553308339137726590e-01
2.194989556624852844e-01
8.399320197956432199e-02
-1.983124882289841184e-01
-3.108825828725048646e-01
-1.740095680469735118e-01
-1.431773005825604239e-01
1.344336295177205043e-01
2.458161458858247883e-01
4.947264202672659039e-02
-1.828601224117089030e-01
1.809449681017681610e-01
1.586119891442004659e-01
-2.372871073073435366e-01
2.697244279999065908e-01
-4.525901641710566858e-02
