5.064842883688188552e-02
9.000375185016926127e-02
7.837463677118181038e-02
6.325057177555264143e-02
7.979032000585760398e-02
2.429164639536654687e-03
4.428979915989728067e-02
5.789898238866151431e-02
5.923982767056623633e-02
6.460285768374915416e-02
2.170566532691907066e-02
4.906505459379446876e-02
1.787829724476423104e-02
4.453201254357377209e-02
6.113764595897974025e-02
8.839316041484171493e-02
9.482703302967981918e-02
2.900576811102837868e-02
5.869939955266027798e-02
8.017541522750055993e-02
