3.476776326168314751e-02
3.111878189116629861e-02
3.260458565397325592e-02
2.688501899798492745e-02
2.388371722039881254e-02
2.707016100089548391e-02
4.147653171545594153e-02
3.147456462026481522e-02
3.445785806043829419e-02
3.163094287369482699e-02
2.866227588020562808e-02
2.009281551861336057e-02
1.140483670951794939e-02
5.115781015594323550e-02
1.535642731050886403e-02
3.077929860339060839e-02
3.606070421641088125e-02
3.554445418598697198e-02
1.102223592014529678e-02
4.316457770347430223e-02
3.221567087753122310e-02
3.868012660315939266e-02
4.156204327627790324e-02
3.755750130031143552e-02
2.859635185822501438e-02
4.844402415177161830e-02
3.428841335004238072e-02
3.270569615652151041e-02
4.171796596391875306e-02
4.661042296852550837e-02
