3.940844997560478263e-02
1.262213754906910124e-01
-8.881695836260997123e-02
-4.901434170874356677e-02
2.352595467551064565e-02
-7.718783271329811291e-02
1.897524524823758843e-02
1.132814301924573580e-01
-1.093154501662041145e-01
1.323614126368714561e-01
-8.040632021600038759e-02
-7.205568999491319959e-02
-1.419776098863337055e-01
-9.764097347590293408e-02
1.247397332871900549e-01
-3.505165664292752420e-02
4.379780120599068710e-02
-7.207322570408487838e-02
1.097854025832218777e-01
3.821884388782605807e-02
1.134601639770558973e-01
-4.551343381293417034e-02
-5.777545339818901393e-02
-1.417894049349808887e-02
2.625231163022053935e-02
-2.597471123036226848e-02
-3.140334342505677473e-02
-1.839644864149622347e-02
-1.473336257838074037e-01
6.260750071436180231e-02
