6.415268895291040274e-02
1.129202539442245856e-01
9.394413653475156001e-02
7.227295622255655583e-02
-1.329834210985255880e-02
-5.485875436123516941e-03
2.731436234528778276e-02
1.128650955538166717e-01
1.037507127111109290e-01
9.341384883392256366e-02
2.312988882423244741e-02
-1.548770648126623385e-02
7.432701275047594314e-02
1.223013736140949855e-03
8.505560406461779022e-02
1.230089282089791014e-01
3.345295386439766511e-02
8.702099406386955283e-02
1.087305622125187970e-01
3.800151820573954582e-03
