1.979000000000000000e+03 1.994523558450681833e+01
1.980000000000000000e+03 1.074898942887898023e+01
1.981000000000000000e+03 1.028079142583389149e+01
1.982000000000000000e+03 -1.149275440291346229e+01
1.983000000000000000e+03 6.198241777084516180e+00
1.984000000000000000e+03 2.323273682341763191e+01
1.985000000000000000e+03 2.197231635351403867e+01
1.986000000000000000e+03 -1.664426479791488944e+01
1.987000000000000000e+03 2.992911975843742312e+01
1.988000000000000000e+03 1.529781456933948469e+01
1.989000000000000000e+03 -4.694986739603550774e+01
1.990000000000000000e+03 -6.744171035752442833e+01
1.991000000000000000e+03 7.348154704107397350e+00
1.992000000000000000e+03 -2.647430390217902385e+01
1.993000000000000000e+03 -2.833306728509348460e+01
1.994000000000000000e+03 2.262435380078129388e-01
1.995000000000000000e+03 -1.458693879674824956e+01
1.996000000000000000e+03 -1.051424745519230708e+00
1.997000000000000000e+03 -2.279714537096584337e+01
1.998000000000000000e+03 -8.056323222077368840e+00
1.999000000000000000e+03 1.837984796932945741e+01
2.000000000000000000e+03 -1.173079230801694628e+01
2.001000000000000000e+03 3.088351654936220569e+01
2.002000000000000000e+03 -1.092674802354002139e+01
2.003000000000000000e+03 -1.444798871712958643e+01
2.004000000000000000e+03 2.098234273739912226e+01
2.005000000000000000e+03 2.428965869272647282e+01
2.006000000000000000e+03 2.542536860142497090e+01
2.007000000000000000e+03 1.293467294768542608e+01
2.008000000000000000e+03 -1.291132377798425068e+01
2.009000000000000000e+03 2.925540647571862252e+01
2.010000000000000000e+03 4.228855305106864648e+01
2.011000000000000000e+03 -3.816935417775151507e+01
2.012000000000000000e+03 -1.644377028446397881e+00
2.013000000000000000e+03 5.394181980107662611e+01
2.014000000000000000e+03 -9.876849689728092740e-02
2.015000000000000000e+03 -3.328402799904070264e+01
2.016000000000000000e+03 -1.429008823569288600e+00
2.017000000000000000e+03 -2.229763650396991181e+01
2.018000000000000000e+03 2.122510578275559823e+01
2.019000000000000000e+03 -3.401811043835773773e+01
