1.979000000000000000e+03 4.231219030754598265e+01
1.980000000000000000e+03 5.624096426652568681e+01
1.981000000000000000e+03 -3.137096965989483621e+01
1.982000000000000000e+03 2.872060784553835333e+01
1.983000000000000000e+03 -2.629718434202719735e+01
1.984000000000000000e+03 -3.477606210870205050e+00
1.985000000000000000e+03 4.764023641142679821e+01
1.986000000000000000e+03 1.705488359834825474e+01
1.987000000000000000e+03 -5.294482405879847420e+00
1.988000000000000000e+03 -1.810068917743093664e+01
1.989000000000000000e+03 -6.131511418693541060e+01
1.990000000000000000e+03 -1.151148605058856855e+00
1.991000000000000000e+03 -2.628482559810766173e+00
1.992000000000000000e+03 -4.443926253638333179e+01
1.993000000000000000e+03 -9.133922996188751142e+01
1.994000000000000000e+03 3.604142985199807470e+01
1.995000000000000000e+03 -1.066157162157956151e+01
1.996000000000000000e+03 7.044855411808085499e+00
1.997000000000000000e+03 -1.415880787429917831e+01
1.998000000000000000e+03 4.833490959636004902e+01
1.999000000000000000e+03 1.134258123691257758e+01
2.000000000000000000e+03 -1.126534073127348456e+01
2.001000000000000000e+03 2.685670346696537258e+00
2.002000000000000000e+03 -3.299982493965691077e+01
2.003000000000000000e+03 -1.039490077278823676e+01
2.004000000000000000e+03 4.247948718117148559e+01
2.005000000000000000e+03 -5.420531492402704821e+00
2.006000000000000000e+03 4.299764335759846290e+00
2.007000000000000000e+03 -4.323540248242549211e+01
2.008000000000000000e+03 -1.518476111840981879e+01
2.009000000000000000e+03 -1.663770551258136265e+01
2.010000000000000000e+03 2.678295499615886754e+01
2.011000000000000000e+03 2.779043814630185594e+01
2.012000000000000000e+03 2.212199884869704292e+01
2.013000000000000000e+03 2.513490058062886234e+01
2.014000000000000000e+03 1.913365359453893078e+01
2.015000000000000000e+03 -2.049768875643034960e+01
2.016000000000000000e+03 1.633869296148699846e+01
2.017000000000000000e+03 -3.954840961356261886e+01
2.018000000000000000e+03 1.888028583897454382e+01
2.019000000000000000e+03 5.038609204709801226e+00
