1.979000000000000000e+03 2.952468189733242454e+01
1.980000000000000000e+03 1.062125368810299264e+01
1.981000000000000000e+03 3.142788773197083607e+00
1.982000000000000000e+03 -1.841348396436591628e+01
1.983000000000000000e+03 1.463382249070269481e+01
1.984000000000000000e+03 1.833110557612438640e+01
1.985000000000000000e+03 1.512079597237152484e+01
1.986000000000000000e+03 -8.816846243897487057e+00
1.987000000000000000e+03 1.788042662221872803e+01
1.988000000000000000e+03 1.045374809696126484e+01
1.989000000000000000e+03 -2.716149205456663296e+01
1.990000000000000000e+03 -6.006275038003624189e+01
1.991000000000000000e+03 -1.075919567925396780e+00
1.992000000000000000e+03 -6.993891657542340212e+00
1.993000000000000000e+03 -1.720123687306803717e+01
1.994000000000000000e+03 1.907415352957894106e+00
1.995000000000000000e+03 -1.640570947830644499e+00
1.996000000000000000e+03 1.008981954167195383e+01
1.997000000000000000e+03 -2.395975023154685246e+01
1.998000000000000000e+03 -7.114646681542042828e+00
1.999000000000000000e+03 1.222884158490631989e+01
2.000000000000000000e+03 -8.333409162009996152e+00
2.001000000000000000e+03 1.211502314564244287e+01
2.002000000000000000e+03 -8.818968679995116133e+00
2.003000000000000000e+03 -1.198334814102832802e+01
2.004000000000000000e+03 1.673222574858309386e+01
2.005000000000000000e+03 1.705259115507829648e+01
2.006000000000000000e+03 1.954736024584357779e+01
2.007000000000000000e+03 -2.986661913165868043e+00
2.008000000000000000e+03 -4.488269550142998554e+00
2.009000000000000000e+03 1.242945715333698153e+01
2.010000000000000000e+03 2.738582458906763861e+01
2.011000000000000000e+03 -4.673471467814594149e+01
2.012000000000000000e+03 -1.412166568739105843e+00
2.013000000000000000e+03 3.708314928625749474e+01
2.014000000000000000e+03 -1.862474427009348688e+01
2.015000000000000000e+03 -3.202614652796322758e+01
2.016000000000000000e+03 3.615510753366216967e+00
2.017000000000000000e+03 -1.956615218131439704e+01
2.018000000000000000e+03 5.393025352261942906e+00
2.019000000000000000e+03 -2.815584117633349948e+01
