1.979000000000000000e+03 2.157012783637791031e+01
1.980000000000000000e+03 2.623447974211986988e+01
1.981000000000000000e+03 1.562162211564344716e+01
1.982000000000000000e+03 -1.393956860545855037e+01
1.983000000000000000e+03 2.832447911306471777e+00
1.984000000000000000e+03 3.957236547877660371e+01
1.985000000000000000e+03 -1.850236665824891702e+01
1.986000000000000000e+03 -6.327355859189713527e+01
1.987000000000000000e+03 3.361477961464170505e+01
1.988000000000000000e+03 9.270793233675322043e+00
1.989000000000000000e+03 -3.031834800213487924e+01
1.990000000000000000e+03 -7.689912892172371528e+01
1.991000000000000000e+03 7.144427225990391150e+00
1.992000000000000000e+03 -2.576283875025626813e+01
1.993000000000000000e+03 -3.296321977479633603e+01
1.994000000000000000e+03 -3.095596290869667655e+01
1.995000000000000000e+03 -2.021978981142174003e+00
1.996000000000000000e+03 2.304317733891467412e+01
1.997000000000000000e+03 -3.881594451156150871e+00
1.998000000000000000e+03 4.925880951653841683e-02
1.999000000000000000e+03 4.934107341434189919e+01
2.000000000000000000e+03 4.927948326396490941e+00
2.001000000000000000e+03 4.355198466431765070e+01
2.002000000000000000e+03 -3.064814430378897114e+00
2.003000000000000000e+03 -2.367680489019890189e+01
2.004000000000000000e+03 1.652788288592455501e+01
2.005000000000000000e+03 2.131162399713474542e+01
2.006000000000000000e+03 4.948368642304724574e+01
2.007000000000000000e+03 -6.203252943520034535e+00
2.008000000000000000e+03 2.866122220763774653e+00
2.009000000000000000e+03 3.078905524033822516e+01
2.010000000000000000e+03 5.564771447101182211e+00
2.011000000000000000e+03 -4.696213993613321236e+01
2.012000000000000000e+03 4.871926824268128620e+00
2.013000000000000000e+03 8.202081254675692890e+01
2.014000000000000000e+03 -2.570018182623000413e+01
2.015000000000000000e+03 -3.691531903613747545e+01
2.016000000000000000e+03 -3.145488011463756450e+00
2.017000000000000000e+03 -3.238175647579205219e+01
2.018000000000000000e+03 3.399045384145085080e+01
2.019000000000000000e+03 -4.763249794343943933e+01
