1.979000000000000000e+03 1.832034333263572634e+01
1.980000000000000000e+03 -4.736500884361913855e+00
1.981000000000000000e+03 4.939960736024335830e+00
1.982000000000000000e+03 -9.045940200368372430e+00
1.983000000000000000e+03 9.564035642862561915e+00
1.984000000000000000e+03 6.893108168058663665e+00
1.985000000000000000e+03 6.244699936527698725e+01
1.986000000000000000e+03 2.998502899606735994e+01
1.987000000000000000e+03 2.624345990223315184e+01
1.988000000000000000e+03 2.132483590500364912e+01
1.989000000000000000e+03 -6.358138678993611848e+01
1.990000000000000000e+03 -5.798429179332514849e+01
1.991000000000000000e+03 7.551882182224405327e+00
1.992000000000000000e+03 -2.718576905410177957e+01
1.993000000000000000e+03 -2.370291479539062607e+01
1.994000000000000000e+03 3.140844998471230198e+01
1.995000000000000000e+03 -2.715189861235432289e+01
1.996000000000000000e+03 -2.514602682995313998e+01
1.997000000000000000e+03 -4.171269629077553986e+01
1.998000000000000000e+03 -1.616190525367127506e+01
1.999000000000000000e+03 -1.258137747568298437e+01
2.000000000000000000e+03 -2.838953294243037462e+01
2.001000000000000000e+03 1.821504843440676424e+01
2.002000000000000000e+03 -1.878868161670113679e+01
2.003000000000000000e+03 -5.219172544060270980e+00
2.004000000000000000e+03 2.543680258887368950e+01
2.005000000000000000e+03 2.726769338831819667e+01
2.006000000000000000e+03 1.367050779802696736e+00
2.007000000000000000e+03 3.207259883889088314e+01
2.008000000000000000e+03 -2.868876977673227202e+01
2.009000000000000000e+03 2.772175771109901632e+01
2.010000000000000000e+03 7.901233465503609921e+01
2.011000000000000000e+03 -2.937656841936980356e+01
2.012000000000000000e+03 -8.160680881160924827e+00
2.013000000000000000e+03 2.586282705539631976e+01
2.014000000000000000e+03 2.550264483243544333e+01
2.015000000000000000e+03 -2.965273696194393693e+01
2.016000000000000000e+03 2.874703643251788621e-01
2.017000000000000000e+03 -1.221351653214777322e+01
2.018000000000000000e+03 8.459757724060334994e+00
2.019000000000000000e+03 -2.040372293327602549e+01
