1.979000000000000000e+03 2.592722836152800525e+01
1.980000000000000000e+03 7.277187639363506655e+00
1.981000000000000000e+03 5.211021152253958455e-02
1.982000000000000000e+03 -2.125077503897552234e+01
1.983000000000000000e+03 1.204991890315802827e+01
1.984000000000000000e+03 1.600058947564465939e+01
1.985000000000000000e+03 1.304366735895673379e+01
1.986000000000000000e+03 -1.064058737024733681e+01
1.987000000000000000e+03 1.631007298293381780e+01
1.988000000000000000e+03 9.136781944741292349e+00
1.989000000000000000e+03 -2.822507071972166415e+01
1.990000000000000000e+03 -6.087294155812633534e+01
1.991000000000000000e+03 -1.632723258950552925e+00
1.992000000000000000e+03 -7.297307861502557280e+00
1.993000000000000000e+03 -1.725126558996331383e+01
1.994000000000000000e+03 2.110774123127554969e+00
1.995000000000000000e+03 -1.183824690596043672e+00
1.996000000000000000e+03 1.079995328597149395e+01
1.997000000000000000e+03 -2.299622900018237459e+01
1.998000000000000000e+03 -5.897737963112624549e+00
1.999000000000000000e+03 1.369913779040067503e+01
2.000000000000000000e+03 -6.609725469450699720e+00
2.001000000000000000e+03 1.409209432526667882e+01
2.002000000000000000e+03 -6.588510013305944213e+00
2.003000000000000000e+03 -9.499501987274216575e+00
2.004000000000000000e+03 1.946945938940215015e+01
2.005000000000000000e+03 2.004321228296229052e+01
2.006000000000000000e+03 2.279136886079250601e+01
2.007000000000000000e+03 5.107341888480001479e-01
2.008000000000000000e+03 -7.374859610641932850e-01
2.009000000000000000e+03 1.643362822948072832e+01
2.010000000000000000e+03 3.164338315227632137e+01
2.011000000000000000e+03 -4.222376862787232454e+01
2.012000000000000000e+03 3.352166968599456176e+00
2.013000000000000000e+03 4.210087031066100138e+01
2.014000000000000000e+03 -1.335363575862504604e+01
2.015000000000000000e+03 -2.650165052942984900e+01
2.016000000000000000e+03 9.393394238964535958e+00
2.017000000000000000e+03 -1.353488120865113764e+01
2.018000000000000000e+03 1.167768381199013916e+01
2.019000000000000000e+03 -2.161779522954036636e+01
