1.979000000000000000e+03 2.740088715885320880e+01
1.980000000000000000e+03 2.591298104142788361e+01
1.981000000000000000e+03 -3.603128936075683519e+00
1.982000000000000000e+03 1.911699679903809068e+00
1.983000000000000000e+03 -4.633566929286053515e+00
1.984000000000000000e+03 1.432928914532168463e+01
1.985000000000000000e+03 3.052828970615162518e+01
1.986000000000000000e+03 -5.411215332493844343e+00
1.987000000000000000e+03 1.818791903699833412e+01
1.988000000000000000e+03 4.164979987082678470e+00
1.989000000000000000e+03 -5.173828299300213729e+01
1.990000000000000000e+03 -4.534485644003591176e+01
1.991000000000000000e+03 4.022608949468010842e+00
1.992000000000000000e+03 -3.246262344691379553e+01
1.993000000000000000e+03 -4.933512151069150775e+01
1.994000000000000000e+03 1.216463897600456612e+01
1.995000000000000000e+03 -1.327848307169202080e+01
1.996000000000000000e+03 1.647335306923207510e+00
1.997000000000000000e+03 -1.991769953874361931e+01
1.998000000000000000e+03 1.074075438406843652e+01
1.999000000000000000e+03 1.603409239185716118e+01
2.000000000000000000e+03 -1.157564178243579178e+01
2.001000000000000000e+03 2.148423448180698259e+01
2.002000000000000000e+03 -1.828444032891231430e+01
2.003000000000000000e+03 -1.309695940234913714e+01
2.004000000000000000e+03 2.814805755198991122e+01
2.005000000000000000e+03 1.438626196435007998e+01
2.006000000000000000e+03 1.838350051286992937e+01
2.007000000000000000e+03 -5.788685529018215092e+00
2.008000000000000000e+03 -1.366913622479277279e+01
2.009000000000000000e+03 1.395770247961862331e+01
2.010000000000000000e+03 3.712002036609871425e+01
2.011000000000000000e+03 -1.618275673640038903e+01
2.012000000000000000e+03 6.277748263934747719e+00
2.013000000000000000e+03 4.433951339426069893e+01
2.014000000000000000e+03 6.312038866914789104e+00
2.015000000000000000e+03 -2.902191491817059088e+01
2.016000000000000000e+03 4.493558438116141751e+00
2.017000000000000000e+03 -2.804789420716748083e+01
2.018000000000000000e+03 2.044349913482857772e+01
2.019000000000000000e+03 -2.099920389066855719e+01
