1.979000000000000000e+03 4.463218887552135783e+01
1.980000000000000000e+03 6.661268953362462497e+00
1.981000000000000000e+03 -1.449085739099134607e+01
1.982000000000000000e+03 -3.526571155191189888e+01
1.983000000000000000e+03 2.884108784757171051e+01
1.984000000000000000e+03 6.210819405444278019e+00
1.985000000000000000e+03 -5.523960717333897819e-01
1.986000000000000000e+03 5.214711976591174469e+00
1.987000000000000000e+03 -7.493366143491081210e+00
1.988000000000000000e+03 -1.639189467938582112e-01
1.989000000000000000e+03 1.183259692364616633e+01
1.990000000000000000e+03 -4.554061973551106490e+01
1.991000000000000000e+03 -1.781298502816846963e+01
1.992000000000000000e+03 3.242488830982728842e+01
1.993000000000000000e+03 5.867251823352843232e+00
1.994000000000000000e+03 6.421459249501777045e+00
1.995000000000000000e+03 2.575073741092202440e+01
1.996000000000000000e+03 3.421775317124551208e+01
1.997000000000000000e+03 -2.409264250324394752e+01
1.998000000000000000e+03 -2.692103756732731501e+00
1.999000000000000000e+03 2.812891054072444774e+00
2.000000000000000000e+03 1.694291762290028869e+00
2.001000000000000000e+03 -2.184215663523722384e+01
2.002000000000000000e+03 -6.767305720717223805e-01
2.003000000000000000e+03 -2.780515173718487887e+00
2.004000000000000000e+03 1.285241598033209343e+01
2.005000000000000000e+03 7.545752683436744768e+00
2.006000000000000000e+03 1.310551253260930693e+01
2.007000000000000000e+03 -2.916829024266619896e+01
2.008000000000000000e+03 1.836575269201549077e+01
2.009000000000000000e+03 -1.486765531067656276e+01
2.010000000000000000e+03 4.282026240089089164e+00
2.011000000000000000e+03 -5.681690470963762607e+01
2.012000000000000000e+03 6.447657714246401994e+00
2.013000000000000000e+03 1.110808401446389482e+01
2.014000000000000000e+03 -4.758754766436750572e+01
2.015000000000000000e+03 -2.107436303941614497e+01
2.016000000000000000e+03 2.248744284790308612e+01
2.017000000000000000e+03 -4.973418201063765309e+00
2.018000000000000000e+03 -1.679449777951203160e+01
2.019000000000000000e+03 -6.607792528797975073e+00
