1.979000000000000000e+03 3.789121391557036844e+01
1.980000000000000000e+03 3.335840603325589959e-01
1.981000000000000000e+03 -2.040525221710016623e+01
1.982000000000000000e+03 -4.076681631109963888e+01
1.983000000000000000e+03 2.375327315530505246e+01
1.984000000000000000e+03 1.536294780098708124e+00
1.985000000000000000e+03 -4.813630630157875956e+00
1.986000000000000000e+03 1.366767485087771572e+00
1.987000000000000000e+03 -1.092802056807339994e+01
1.988000000000000000e+03 -3.185283304455094555e+00
1.989000000000000000e+03 9.224522632906014152e+00
1.990000000000000000e+03 -4.773540395933012803e+01
1.991000000000000000e+03 -1.959447918506645792e+01
1.992000000000000000e+03 3.105668421985037853e+01
1.993000000000000000e+03 4.912337800297022383e+00
1.994000000000000000e+03 5.879835293367039917e+00
1.995000000000000000e+03 2.562240352170837099e+01
1.996000000000000000e+03 3.450270934895294772e+01
1.997000000000000000e+03 -2.339439625861542993e+01
1.998000000000000000e+03 -1.580567445183136410e+00
1.999000000000000000e+03 4.337717432543124474e+00
2.000000000000000000e+03 3.632408207681791623e+00
2.001000000000000000e+03 -1.949075012292437492e+01
2.002000000000000000e+03 2.087966007162207038e+00
2.003000000000000000e+03 3.974714724365240870e-01
2.004000000000000000e+03 1.644369269340818462e+01
2.005000000000000000e+03 1.155031946343392413e+01
2.006000000000000000e+03 1.752336937952757268e+01
2.007000000000000000e+03 -2.433714332882685483e+01
2.008000000000000000e+03 2.361018967277591685e+01
2.009000000000000000e+03 -9.209928262995052961e+00
2.010000000000000000e+03 1.035304335469168535e+01
2.011000000000000000e+03 -5.033259752811395060e+01
2.012000000000000000e+03 1.334525496269116296e+01
2.013000000000000000e+03 1.841897132982974128e+01
2.014000000000000000e+03 -3.986337028208057376e+01
2.015000000000000000e+03 -1.293689559020813284e+01
2.016000000000000000e+03 3.103820036403218197e+01
2.017000000000000000e+03 3.990629381986412927e+00
2.018000000000000000e+03 -7.417160129540770974e+00
2.019000000000000000e+03 3.182835188094369716e+00
