1.979000000000000000e+03 2.197092840823795967e+01
1.980000000000000000e+03 1.260124605547325771e+01
1.981000000000000000e+03 1.195961185529129978e+01
1.982000000000000000e+03 -9.987370170592919649e+00
1.983000000000000000e+03 7.530189812268192284e+00
1.984000000000000000e+03 2.439124866146444148e+01
1.985000000000000000e+03 2.295739199442397904e+01
1.986000000000000000e+03 -1.583262535414181649e+01
1.987000000000000000e+03 3.056732300507363220e+01
1.988000000000000000e+03 1.576258161883882813e+01
1.989000000000000000e+03 -4.665853654367302994e+01
1.990000000000000000e+03 -6.732381570229883039e+01
1.991000000000000000e+03 7.292613162196139420e+00
1.992000000000000000e+03 -2.670328164122715364e+01
1.993000000000000000e+03 -2.873548122127847648e+01
1.994000000000000000e+03 -3.496065953140463645e-01
1.995000000000000000e+03 -1.533622512720697628e+01
1.996000000000000000e+03 -1.974147273114822410e+00
1.997000000000000000e+03 -2.389330409569830138e+01
1.998000000000000000e+03 -9.325918143946694272e+00
1.999000000000000000e+03 1.693681685032326101e+01
2.000000000000000000e+03 -1.334725962416000655e+01
2.001000000000000000e+03 2.909361303608227800e+01
2.002000000000000000e+03 -1.289008773395681295e+01
2.003000000000000000e+03 -1.658476462468324897e+01
2.004000000000000000e+03 1.867213063270859408e+01
2.005000000000000000e+03 2.180601039089907900e+01
2.006000000000000000e+03 2.276828410246071144e+01
2.007000000000000000e+03 1.010415225158429919e+01
2.008000000000000000e+03 -1.591528067122224321e+01
2.009000000000000000e+03 2.607801338534375546e+01
2.010000000000000000e+03 3.893772376355691023e+01
2.011000000000000000e+03 -4.169361966240010275e+01
2.012000000000000000e+03 -5.342078710231858985e+00
2.013000000000000000e+03 5.007068192215429292e+01
2.014000000000000000e+03 -4.143342572956476566e+00
2.015000000000000000e+03 -3.750203827223677422e+01
2.016000000000000000e+03 -5.820455293902216276e+00
2.017000000000000000e+03 -2.686251917143970758e+01
2.018000000000000000e+03 1.648678691814893327e+01
2.019000000000000000e+03 -3.892986550010126479e+01
